VOL-50515
Purpose:Ordering middle of the buy Guide, with SR/SRS configured. Daily Ordering









Details:"1 source to have SR/SRS>UPTO- no orders

1 source to have SR/SRS<UPTO, SRS to be considered while calculating the limit"



OPD is 2-feb-2021



results :

total SRS+SOQ should be close to the upto quantity.
5001@7001
                   startdate                   enddate vendor  rank  volume_exact  volume_upto  soq   srs  mso  buyguide percentage  actual_percentage  order_total
0  2021-02-01 00:00:00+00:00 2021-02-08 00:00:00+00:00   6001    -1          -1.0         75.0    0  80.0    0                 30.0          34.782609        230.0
4  2021-02-01 00:00:00+00:00 2021-02-08 00:00:00+00:00   6002    -1          -1.0         75.0   75   0.0    0                 30.0          32.608696        230.0
8  2021-02-01 00:00:00+00:00 2021-02-08 00:00:00+00:00   6003    -1          -1.0         75.0   75   0.0    0                 40.0          32.608696        230.0
1  2021-02-08 00:00:00+00:00 2021-02-15 00:00:00+00:00   6001    -1          -1.0         75.0   75   0.0    0                 50.0          33.333333        225.0
5  2021-02-08 00:00:00+00:00 2021-02-15 00:00:00+00:00   6002    -1          -1.0         75.0   75   0.0    0                 25.0          33.333333        225.0
9  2021-02-08 00:00:00+00:00 2021-02-15 00:00:00+00:00   6003    -1          -1.0         75.0   75   0.0    0                 25.0          33.333333        225.0
2  2021-02-15 00:00:00+00:00 2021-02-22 00:00:00+00:00   6001    -1          -1.0         75.0   75   0.0    0                 34.0          33.333333        225.0
6  2021-02-15 00:00:00+00:00 2021-02-22 00:00:00+00:00   6002    -1          -1.0         75.0   75   0.0    0                 33.0          33.333333        225.0
10 2021-02-15 00:00:00+00:00 2021-02-22 00:00:00+00:00   6003    -1          -1.0         75.0   75   0.0    0                 33.0          33.333333        225.0
3  2021-02-22 00:00:00+00:00 2021-03-01 00:00:00+00:00   6001    -1          -1.0         75.0   75   0.0    0                 60.0          33.333333        225.0
7  2021-02-22 00:00:00+00:00 2021-03-01 00:00:00+00:00   6002    -1          -1.0         75.0   75   0.0    0                 20.0          33.333333        225.0
11 2021-02-22 00:00:00+00:00 2021-03-01 00:00:00+00:00   6003    -1          -1.0         75.0   75   0.0    0                 20.0          33.333333        225.0
                        date  demand    ss  avo  schedrcpt  mso  soq  6002  6003  6001  projoh  projavail  ignored_demand  incoming_supply
0  2021-02-02 00:00:00-05:00    57.0  15.0    0          0    0    0     0     0     0     0.0      -15.0            57.0                0
1  2021-02-03 00:00:00-05:00    34.0  15.0    0          0    0    0     0     0     0     0.0      -15.0            34.0                0
2  2021-02-04 00:00:00-05:00    98.0  15.0    0          0    0  115    50    65     0    17.0        2.0             0.0              115
3  2021-02-05 00:00:00-05:00    54.0  15.0    0          0    0   35    25    10     0     0.0      -15.0             2.0               35
4  2021-02-06 00:00:00-05:00    61.0  15.0    0          0    0    0     0     0     0     0.0      -15.0            61.0                0
5  2021-02-07 00:00:00-05:00    54.0  15.0    0          0    0    0     0     0     0     0.0      -15.0            54.0                0
6  2021-02-08 00:00:00-05:00    74.0  20.0    0          0    0   95    25    20    50    21.0        1.0             0.0               95
7  2021-02-09 00:00:00-05:00    34.0  20.0    0          0    0   35    10    10    15    22.0        2.0             0.0               35
8  2021-02-10 00:00:00-05:00    43.0  20.0    0          0    0   45    15    20    10    24.0        4.0             0.0               45
9  2021-02-11 00:00:00-05:00   101.0  20.0    0          0    0   50    25    25     0     0.0      -20.0            27.0               50
10 2021-02-12 00:00:00-05:00    63.0  20.0    0          0    0    0     0     0     0     0.0      -20.0            63.0                0
11 2021-02-13 00:00:00-05:00    55.0  20.0    0          0    0    0     0     0     0     0.0      -20.0            55.0                0
12 2021-02-14 00:00:00-05:00    95.0  20.0    0          0    0    0     0     0     0     0.0      -20.0            95.0                0
13 2021-02-15 00:00:00-05:00    72.0  10.0    0          0    0   85    30    25    30    13.0        3.0             0.0               85
14 2021-02-16 00:00:00-05:00    69.0  10.0    0          0    0   70    20    25    25    14.0        4.0             0.0               70
15 2021-02-17 00:00:00-05:00    70.0  10.0    0          0    0   70    25    25    20    14.0        4.0             0.0               70
16 2021-02-18 00:00:00-05:00    25.0  10.0    0          0    0    0     0     0     0     0.0      -10.0            11.0                0
17 2021-02-19 00:00:00-05:00    39.0  10.0    0          0    0    0     0     0     0     0.0      -10.0            39.0                0
18 2021-02-20 00:00:00-05:00    90.0  10.0    0          0    0    0     0     0     0     0.0      -10.0            90.0                0
19 2021-02-21 00:00:00-05:00    10.0  10.0    0          0    0    0     0     0     0     0.0      -10.0            10.0                0
20 2021-02-22 00:00:00-05:00    68.0  25.0    0          0    0   95    20    15    60    27.0        2.0             0.0               95
                  startdate                   enddate  volume_exact  volume_upto  ordered_total  srs_and_mso  aop_and_ss_and_avo  net_ss  ignored_demand
0 2021-02-01 00:00:00+00:00 2021-02-08 00:00:00+00:00          -3.0        225.0            150         80.0               373.0    15.0          -143.0
1 2021-02-08 00:00:00+00:00 2021-02-15 00:00:00+00:00          -3.0        225.0            225          0.0               470.0     5.0          -245.0
2 2021-02-15 00:00:00+00:00 2021-02-22 00:00:00+00:00          -3.0        225.0            225          0.0               365.0   -10.0          -140.0
3 2021-02-22 00:00:00+00:00 2021-03-01 00:00:00+00:00          -3.0        225.0            225          0.0                83.0    15.0           142.0
5002@7001
                  startdate                   enddate vendor  rank  volume_exact  volume_upto  soq   srs  mso  buyguide percentage  actual_percentage  order_total
0 2021-02-01 00:00:00+00:00 2021-02-08 00:00:00+00:00   6001    -1          -1.0         75.0   64  10.0    0                 50.0          50.684932        146.0
4 2021-02-01 00:00:00+00:00 2021-02-08 00:00:00+00:00   6002    -1          -1.0         75.0   72   0.0    0                 50.0          49.315068        146.0
1 2021-02-08 00:00:00+00:00 2021-02-15 00:00:00+00:00   6001    -1          -1.0         75.0   72   0.0    0                 60.0          50.000000        144.0
5 2021-02-08 00:00:00+00:00 2021-02-15 00:00:00+00:00   6002    -1          -1.0         75.0   72   0.0    0                 40.0          50.000000        144.0
2 2021-02-15 00:00:00+00:00 2021-02-22 00:00:00+00:00   6001    -1          -1.0         75.0   72   0.0    0                 75.0          50.000000        144.0
6 2021-02-15 00:00:00+00:00 2021-02-22 00:00:00+00:00   6002    -1          -1.0         75.0   72   0.0    0                 25.0          50.000000        144.0
3 2021-02-22 00:00:00+00:00 2021-03-01 00:00:00+00:00   6001    -1          -1.0         75.0   72   0.0    0                 60.0          50.000000        144.0
7 2021-02-22 00:00:00+00:00 2021-03-01 00:00:00+00:00   6002    -1          -1.0         75.0   72   0.0    0                 40.0          50.000000        144.0
                        date  demand    ss  avo  schedrcpt  mso  soq  6001  6002  projoh  projavail  ignored_demand  incoming_supply
0  2021-02-02 00:00:00-05:00    54.0  15.0    0          0    0    0     0     0     0.0      -15.0            54.0                0
1  2021-02-03 00:00:00-05:00    88.0  15.0    0          0    0    0     0     0     0.0      -15.0            88.0                0
2  2021-02-04 00:00:00-05:00    71.0  15.0    0          0    0   88    40    48    17.0        2.0             0.0               88
3  2021-02-05 00:00:00-05:00    39.0  15.0    0          0    0   40    20    20    18.0        3.0             0.0               40
4  2021-02-06 00:00:00-05:00    95.0  15.0    0          0    0    8     4     4     0.0      -15.0            69.0                8
5  2021-02-07 00:00:00-05:00    33.0  15.0    0          0    0    0     0     0     0.0      -15.0            33.0                0
6  2021-02-08 00:00:00-05:00    72.0  20.0    0          0    0   92    56    36    20.0        0.0             0.0               92
7  2021-02-09 00:00:00-05:00    68.0  20.0    0          0    0   52    16    36     4.0      -16.0             0.0               52
8  2021-02-10 00:00:00-05:00    68.0  20.0    0          0    0    0     0     0     0.0      -20.0            64.0                0
9  2021-02-11 00:00:00-05:00    46.0  20.0    0          0    0    0     0     0     0.0      -20.0            46.0                0
10 2021-02-12 00:00:00-05:00    39.0  20.0    0          0    0    0     0     0     0.0      -20.0            39.0                0
11 2021-02-13 00:00:00-05:00    96.0  20.0    0          0    0    0     0     0     0.0      -20.0            96.0                0
12 2021-02-14 00:00:00-05:00    62.0  20.0    0          0    0    0     0     0     0.0      -20.0            62.0                0
13 2021-02-15 00:00:00-05:00    67.0  10.0    0          0    0   80    60    20    13.0        3.0             0.0               80
14 2021-02-16 00:00:00-05:00    37.0  10.0    0          0    0   36    12    24    12.0        2.0             0.0               36
15 2021-02-17 00:00:00-05:00    24.0  10.0    0          0    0   24     0    24    12.0        2.0             0.0               24
16 2021-02-18 00:00:00-05:00    71.0  10.0    0          0    0    4     0     4     0.0      -10.0            55.0                4
17 2021-02-19 00:00:00-05:00    89.0  10.0    0          0    0    0     0     0     0.0      -10.0            89.0                0
18 2021-02-20 00:00:00-05:00    34.0  10.0    0          0    0    0     0     0     0.0      -10.0            34.0                0
19 2021-02-21 00:00:00-05:00    85.0  10.0    0          0    0    0     0     0     0.0      -10.0            85.0                0
20 2021-02-22 00:00:00-05:00    47.0  25.0    0          0    0   72    44    28    25.0        0.0             0.0               72
                  startdate                   enddate  volume_exact  volume_upto  ordered_total  srs_and_mso  aop_and_ss_and_avo  net_ss  ignored_demand
0 2021-02-01 00:00:00+00:00 2021-02-08 00:00:00+00:00          -2.0        150.0            136         10.0               395.0    15.0          -249.0
1 2021-02-08 00:00:00+00:00 2021-02-15 00:00:00+00:00          -2.0        150.0            144          0.0               456.0     5.0          -312.0
2 2021-02-15 00:00:00+00:00 2021-02-22 00:00:00+00:00          -2.0        150.0            144          0.0               397.0   -10.0          -253.0
3 2021-02-22 00:00:00+00:00 2021-03-01 00:00:00+00:00          -2.0        150.0            144          0.0                62.0    15.0            82.0
5003@7001
   startdate    enddate vendor  rank  volume_exact  volume_upto  soq  srs  mso  buyguide percentage  actual_percentage  order_total
0 2021-02-02 2021-02-03   6002    -1            -1           -1    0    0    0                100.0                  0            0
1 2021-02-03 2021-02-04   6002    -1            -1           -1    0    0    0                100.0                  0            0
                        date  demand    ss  avo  schedrcpt  mso  soq  6002  projoh  projavail  ignored_demand  incoming_supply
0  2021-02-02 00:00:00-05:00    92.0  15.0    0          0    0    0     0     0.0      -15.0            92.0                0
1  2021-02-03 00:00:00-05:00    61.0  15.0    0          0    0    0     0     0.0      -15.0            61.0                0
2  2021-02-04 00:00:00-05:00    75.0  15.0    0          0    0   90    90    15.0        0.0             0.0               90
3  2021-02-05 00:00:00-05:00    21.0  15.0    0          0    0   21    21    15.0        0.0             0.0               21
4  2021-02-06 00:00:00-05:00    68.0  15.0    0          0    0   69    69    16.0        1.0             0.0               69
5  2021-02-07 00:00:00-05:00    69.0  15.0    0          0    0   69    69    16.0        1.0             0.0               69
6  2021-02-08 00:00:00-05:00    48.0  20.0    0          0    0   54    54    22.0        2.0             0.0               54
7  2021-02-09 00:00:00-05:00    98.0  20.0    0          0    0   96    96    20.0        0.0             0.0               96
8  2021-02-10 00:00:00-05:00    94.0  20.0    0          0    0   96    96    22.0        2.0             0.0               96
9  2021-02-11 00:00:00-05:00    13.0  20.0    0          0    0   12    12    21.0        1.0             0.0               12
10 2021-02-12 00:00:00-05:00    37.0  20.0    0          0    0   36    36    20.0        0.0             0.0               36
11 2021-02-13 00:00:00-05:00    12.0  20.0    0          0    0   12    12    20.0        0.0             0.0               12
12 2021-02-14 00:00:00-05:00    67.0  20.0    0          0    0   69    69    22.0        2.0             0.0               69
13 2021-02-15 00:00:00-05:00   102.0  10.0    0          0    0   90    90    10.0        0.0             0.0               90
14 2021-02-16 00:00:00-05:00    42.0  10.0    0          0    0   42    42    10.0        0.0             0.0               42
15 2021-02-17 00:00:00-05:00    62.0  10.0    0          0    0   63    63    11.0        1.0             0.0               63
16 2021-02-18 00:00:00-05:00   104.0  10.0    0          0    0  105   105    12.0        2.0             0.0              105
17 2021-02-19 00:00:00-05:00    57.0  10.0    0          0    0   57    57    12.0        2.0             0.0               57
18 2021-02-20 00:00:00-05:00    30.0  10.0    0          0    0   30    30    12.0        2.0             0.0               30
19 2021-02-21 00:00:00-05:00    13.0  10.0    0          0    0   12    12    11.0        1.0             0.0               12
20 2021-02-22 00:00:00-05:00    48.0  25.0    0          0    0   63    63    26.0        1.0             0.0               63
   startdate    enddate  volume_exact  volume_upto  ordered_total  srs_and_mso  aop_and_ss_and_avo  net_ss  ignored_demand
0 2021-02-02 2021-02-03            -1           -1              0            0               107.0    15.0          -107.0
1 2021-02-03 2021-02-04            -1           -1              0            0                61.0     0.0           -61.0
5004@7001
   startdate    enddate vendor  rank  volume_exact  volume_upto  soq  srs  mso  buyguide percentage  actual_percentage  order_total
0 2021-02-02 2021-02-03   6003    -1            -1           -1    0    0    0                100.0                  0            0
1 2021-02-03 2021-02-04   6003    -1            -1           -1    0    0    0                100.0                  0            0
                        date  demand    ss  avo  schedrcpt  mso  soq  6003  projoh  projavail  ignored_demand  incoming_supply
0  2021-02-02 00:00:00-05:00    77.0  15.0    0          0    0    0     0     0.0      -15.0            77.0                0
1  2021-02-03 00:00:00-05:00    20.0  15.0    0          0    0    0     0     0.0      -15.0            20.0                0
2  2021-02-04 00:00:00-05:00    16.0  15.0    0          0    0   32    32    16.0        1.0             0.0               32
3  2021-02-05 00:00:00-05:00    49.0  15.0    0          0    0   48    48    15.0        0.0             0.0               48
4  2021-02-06 00:00:00-05:00    66.0  15.0    0          0    0   68    68    17.0        2.0             0.0               68
5  2021-02-07 00:00:00-05:00    65.0  15.0    0          0    0   64    64    16.0        1.0             0.0               64
6  2021-02-08 00:00:00-05:00    97.0  20.0    0          0    0  104   104    23.0        3.0             0.0              104
7  2021-02-09 00:00:00-05:00    14.0  20.0    0          0    0   12    12    21.0        1.0             0.0               12
8  2021-02-10 00:00:00-05:00    55.0  20.0    0          0    0   56    56    22.0        2.0             0.0               56
9  2021-02-11 00:00:00-05:00   104.0  20.0    0          0    0  104   104    22.0        2.0             0.0              104
10 2021-02-12 00:00:00-05:00    12.0  20.0    0          0    0   12    12    22.0        2.0             0.0               12
11 2021-02-13 00:00:00-05:00    64.0  20.0    0          0    0   64    64    22.0        2.0             0.0               64
12 2021-02-14 00:00:00-05:00    26.0  20.0    0          0    0   24    24    20.0        0.0             0.0               24
13 2021-02-15 00:00:00-05:00    78.0  10.0    0          0    0   68    68    10.0        0.0             0.0               68
14 2021-02-16 00:00:00-05:00    12.0  10.0    0          0    0   12    12    10.0        0.0             0.0               12
15 2021-02-17 00:00:00-05:00   106.0  10.0    0          0    0  108   108    12.0        2.0             0.0              108
16 2021-02-18 00:00:00-05:00    54.0  10.0    0          0    0   52    52    10.0        0.0             0.0               52
17 2021-02-19 00:00:00-05:00    92.0  10.0    0          0    0  100   100    18.0        8.0             0.0              100
18 2021-02-20 00:00:00-05:00    47.0  10.0    0          0    0   40    40    11.0        1.0             0.0               40
19 2021-02-21 00:00:00-05:00    68.0  10.0    0          0    0   68    68    11.0        1.0             0.0               68
20 2021-02-22 00:00:00-05:00    80.0  25.0    0          0    0  100   100    31.0        6.0             0.0              100
   startdate    enddate  volume_exact  volume_upto  ordered_total  srs_and_mso  aop_and_ss_and_avo  net_ss  ignored_demand
0 2021-02-02 2021-02-03            -1           -1              0            0                92.0    15.0           -92.0
1 2021-02-03 2021-02-04            -1           -1              0            0                20.0     0.0           -20.0
