50129



5001@7001
                  startdate                   enddate vendor  rank  volume_exact  volume_upto  soq  srs  mso  buyguide percentage  actual_percentage  order_total
0 2021-02-01 00:00:00+00:00 2021-02-08 00:00:00+00:00   6001    -1          -1.0         -1.0  200    0    0                 30.0              40.00          500
3 2021-02-01 00:00:00+00:00 2021-02-08 00:00:00+00:00   6002    -1          -1.0         -1.0  300    0    0                 30.0              60.00          500
1 2021-02-08 00:00:00+00:00 2021-02-15 00:00:00+00:00   6001    -1          -1.0         -1.0  434    0    0                 50.0              62.00          700
4 2021-02-08 00:00:00+00:00 2021-02-15 00:00:00+00:00   6002    -1          -1.0         -1.0  266    0    0                 25.0              38.00          700
2 2021-02-15 00:00:00+00:00 2021-02-22 00:00:00+00:00   6001    -1          -1.0         -1.0  350    0    0                 30.0              43.75          800
5 2021-02-15 00:00:00+00:00 2021-02-22 00:00:00+00:00   6002    -1          -1.0         -1.0  450    0    0                 30.0              56.25          800
                        date  demand   ss  avo  schedrcpt  mso  soq  6001  6002  projoh  projavail  ignored_demand  incoming_supply
0  2021-02-01 00:00:00-05:00   100.0  0.0    0          0    0    0     0     0     0.0        0.0           100.0                0
1  2021-02-02 00:00:00-05:00   100.0  0.0    0          0    0    0     0     0     0.0        0.0           100.0                0
2  2021-02-03 00:00:00-05:00   100.0  0.0    0          0    0  200    50   150   100.0      100.0             0.0              200
3  2021-02-04 00:00:00-05:00   100.0  0.0    0          0    0    0     0     0     0.0        0.0             0.0                0
4  2021-02-05 00:00:00-05:00   100.0  0.0    0          0    0  100   100     0     0.0        0.0             0.0              100
5  2021-02-06 00:00:00-05:00   100.0  0.0    0          0    0  200    50   150   100.0      100.0             0.0              200
6  2021-02-07 00:00:00-05:00   100.0  0.0    0          0    0    0     0     0     0.0        0.0             0.0                0
7  2021-02-08 00:00:00-05:00   100.0  0.0    0          0    0  200    67   133   100.0      100.0             0.0              200
8  2021-02-09 00:00:00-05:00   100.0  0.0    0          0    0    0     0     0     0.0        0.0             0.0                0
9  2021-02-10 00:00:00-05:00   100.0  0.0    0          0    0  100   100     0     0.0        0.0             0.0              100
10 2021-02-11 00:00:00-05:00   100.0  0.0    0          0    0  100   100     0     0.0        0.0             0.0              100
11 2021-02-12 00:00:00-05:00   100.0  0.0    0          0    0  200    67   133   100.0      100.0             0.0              200
12 2021-02-13 00:00:00-05:00   100.0  0.0    0          0    0    0     0     0     0.0        0.0             0.0                0
13 2021-02-14 00:00:00-05:00   100.0  0.0    0          0    0  100   100     0     0.0        0.0             0.0              100
14 2021-02-15 00:00:00-05:00   100.0  0.0    0          0    0  200    50   150   100.0      100.0             0.0              200
15 2021-02-16 00:00:00-05:00   100.0  0.0    0          0    0    0     0     0     0.0        0.0             0.0                0
16 2021-02-17 00:00:00-05:00   100.0  0.0    0          0    0  100   100     0     0.0        0.0             0.0              100
17 2021-02-18 00:00:00-05:00   100.0  0.0    0          0    0  200    50   150   100.0      100.0             0.0              200
18 2021-02-19 00:00:00-05:00   100.0  0.0    0          0    0    0     0     0     0.0        0.0             0.0                0
19 2021-02-20 00:00:00-05:00   100.0  0.0    0          0    0  100   100     0     0.0        0.0             0.0              100
20 2021-02-21 00:00:00-05:00   100.0  0.0    0          0    0  200    50   150   100.0      100.0             0.0              200
                  startdate                   enddate  volume_exact  volume_upto  ordered_total  srs_and_mso  aop_and_ss_and_avo  net_ss  ignored_demand
0 2021-02-01 00:00:00+00:00 2021-02-08 00:00:00+00:00          -2.0         -2.0            500            0               700.0     0.0          -200.0
1 2021-02-08 00:00:00+00:00 2021-02-15 00:00:00+00:00          -2.0         -2.0            700            0               700.0     0.0             0.0
2 2021-02-15 00:00:00+00:00 2021-02-22 00:00:00+00:00          -2.0         -2.0            800            0               700.0     0.0           100.0
