50243
5001@7001
                   startdate                   enddate vendor  rank  volume_exact  volume_upto  soq  srs  mso  buyguide percentage  actual_percentage  order_total
0  2021-02-01 00:00:00+00:00 2021-02-08 00:00:00+00:00   6001    -1          -1.0         -1.0  330    0    0                 80.0          76.744186          430
4  2021-02-01 00:00:00+00:00 2021-02-08 00:00:00+00:00   6002    -1          -1.0         -1.0    0    0    0                  0.0           0.000000          430
8  2021-02-01 00:00:00+00:00 2021-02-08 00:00:00+00:00   6003    -1          -1.0         -1.0  100    0    0                 20.0          23.255814          430
1  2021-02-08 00:00:00+00:00 2021-02-15 00:00:00+00:00   6001    -1          -1.0         -1.0  265    0    0                 25.0          50.000000          530
5  2021-02-08 00:00:00+00:00 2021-02-15 00:00:00+00:00   6002    -1          -1.0         -1.0  265    0    0                 25.0          50.000000          530
9  2021-02-08 00:00:00+00:00 2021-02-15 00:00:00+00:00   6003    -1          -1.0         -1.0    0    0    0                 50.0           0.000000          530
2  2021-02-15 00:00:00+00:00 2021-02-22 00:00:00+00:00   6001    -1          -1.0         -1.0  160    0    0                 50.0          45.070423          355
6  2021-02-15 00:00:00+00:00 2021-02-22 00:00:00+00:00   6002    -1          -1.0         -1.0   95    0    0                 25.0          26.760563          355
10 2021-02-15 00:00:00+00:00 2021-02-22 00:00:00+00:00   6003    -1          -1.0         -1.0  100    0    0                 25.0          28.169014          355
3  2021-02-22 00:00:00+00:00 2021-03-01 00:00:00+00:00   6001    -1          -1.0         -1.0  200    0    0                 50.0          59.701493          335
7  2021-02-22 00:00:00+00:00 2021-03-01 00:00:00+00:00   6002    -1          -1.0         -1.0  135    0    0                 25.0          40.298507          335
11 2021-02-22 00:00:00+00:00 2021-03-01 00:00:00+00:00   6003    -1          -1.0         -1.0    0    0    0                 25.0           0.000000          335
                        date  demand    ss  avo  schedrcpt  mso  soq  6001  6002  6003  projoh  projavail  ignored_demand  incoming_supply
0  2021-02-01 00:00:00-05:00    43.0  15.0    0        4.0    0    0     0     0     0     0.0      -15.0            39.0                0
1  2021-02-02 00:00:00-05:00    57.0  15.0    0        0.0    0    0     0     0     0     0.0      -15.0            57.0                0
2  2021-02-03 00:00:00-05:00    34.0  15.0    0        0.0    0   50    50     0     0    16.0        1.0             0.0               50
3  2021-02-04 00:00:00-05:00    98.0  15.0    0        0.0    0  100     0     0   100    18.0        3.0             0.0              100
4  2021-02-05 00:00:00-05:00    54.0  15.0    0        0.0    0  115   115     0     0    79.0       64.0             0.0              115
5  2021-02-06 00:00:00-05:00    61.0  15.0    0        0.0    0    0     0     0     0    18.0        3.0             0.0                0
6  2021-02-07 00:00:00-05:00    54.0  15.0    0        0.0    0  165   165     0     0   129.0      114.0             0.0              165
7  2021-02-08 00:00:00-05:00    74.0  20.0    0        0.0    0    0     0     0     0    55.0       35.0             0.0                0
8  2021-02-09 00:00:00-05:00    34.0  20.0    0        0.0    0    0     0     0     0    21.0        1.0             0.0                0
9  2021-02-10 00:00:00-05:00    43.0  20.0    0        0.0    0  150    75    75     0   128.0      108.0             0.0              150
10 2021-02-11 00:00:00-05:00   101.0  20.0    0        0.0    0    0     0     0     0    27.0        7.0             0.0                0
11 2021-02-12 00:00:00-05:00    63.0  20.0    0        0.0    0  170    85    85     0   134.0      114.0             0.0              170
12 2021-02-13 00:00:00-05:00    55.0  20.0    0        0.0    0    0     0     0     0    79.0       59.0             0.0                0
13 2021-02-14 00:00:00-05:00    95.0  20.0    0        0.0    0  210   105   105     0   194.0      174.0             0.0              210
14 2021-02-15 00:00:00-05:00    72.0  10.0    0        0.0    0    0     0     0     0   122.0      112.0             0.0                0
15 2021-02-16 00:00:00-05:00    69.0  10.0    0        0.0    0    0     0     0     0    53.0       43.0             0.0                0
16 2021-02-17 00:00:00-05:00    70.0  10.0    0        0.0    0   85    50    35     0    68.0       58.0             0.0               85
17 2021-02-18 00:00:00-05:00    25.0  10.0    0        0.0    0    0     0     0     0    43.0       33.0             0.0                0
18 2021-02-19 00:00:00-05:00    39.0  10.0    0        0.0    0   10    10     0     0    14.0        4.0             0.0               10
19 2021-02-20 00:00:00-05:00    90.0  10.0    0        0.0    0  100     0     0   100    24.0       14.0             0.0              100
20 2021-02-21 00:00:00-05:00    10.0  10.0    0        0.0    0  160   100    60     0   174.0      164.0             0.0              160
                  startdate                   enddate  volume_exact  volume_upto  ordered_total  srs_and_mso  aop_and_ss_and_avo  net_ss  ignored_demand
0 2021-02-01 00:00:00+00:00 2021-02-08 00:00:00+00:00          -3.0         -3.0            430            0               416.0    15.0            14.0
1 2021-02-08 00:00:00+00:00 2021-02-15 00:00:00+00:00          -3.0         -3.0            530            0               470.0     5.0            60.0
2 2021-02-15 00:00:00+00:00 2021-02-22 00:00:00+00:00          -3.0         -3.0            355            0               365.0   -10.0           -10.0
3 2021-02-22 00:00:00+00:00 2021-03-01 00:00:00+00:00          -3.0         -3.0            335            0                 0.0     0.0           335.0
5002@7001
                  startdate                   enddate vendor  rank  volume_exact  volume_upto  soq  srs  mso  buyguide percentage  actual_percentage  order_total
0 2021-02-01 00:00:00+00:00 2021-02-08 00:00:00+00:00   6001    -1          -1.0         -1.0  316    0    0                 65.0          61.718750          512
4 2021-02-01 00:00:00+00:00 2021-02-08 00:00:00+00:00   6002    -1          -1.0         -1.0  196    0    0                 35.0          38.281250          512
1 2021-02-08 00:00:00+00:00 2021-02-15 00:00:00+00:00   6001    -1          -1.0         -1.0  232    0    0                 65.0          58.000000          400
5 2021-02-08 00:00:00+00:00 2021-02-15 00:00:00+00:00   6002    -1          -1.0         -1.0  168    0    0                 35.0          42.000000          400
2 2021-02-15 00:00:00+00:00 2021-02-22 00:00:00+00:00   6001    -1          -1.0         -1.0  264    0    0                 65.0          61.111111          432
6 2021-02-15 00:00:00+00:00 2021-02-22 00:00:00+00:00   6002    -1          -1.0         -1.0  168    0    0                 35.0          38.888889          432
3 2021-02-22 00:00:00+00:00 2021-03-01 00:00:00+00:00   6001    -1          -1.0         -1.0  140    0    0                 65.0          59.322034          236
7 2021-02-22 00:00:00+00:00 2021-03-01 00:00:00+00:00   6002    -1          -1.0         -1.0   96    0    0                 35.0          40.677966          236
                        date  demand    ss  avo  schedrcpt  mso  soq  6001  6002  projoh  projavail  ignored_demand  incoming_supply
0  2021-02-01 00:00:00-05:00    13.0  15.0    0        4.0    0    0     0     0     0.0      -15.0             9.0                0
1  2021-02-02 00:00:00-05:00    54.0  15.0    0        0.0    0    0     0     0     0.0      -15.0            54.0                0
2  2021-02-03 00:00:00-05:00    88.0  15.0    0        0.0    0  176   116    60    88.0       73.0             0.0              176
3  2021-02-04 00:00:00-05:00    71.0  15.0    0        0.0    0    0     0     0    17.0        2.0             0.0                0
4  2021-02-05 00:00:00-05:00    39.0  15.0    0        0.0    0  160   100    60   138.0      123.0             0.0              160
5  2021-02-06 00:00:00-05:00    95.0  15.0    0        0.0    0    0     0     0    43.0       28.0             0.0                0
6  2021-02-07 00:00:00-05:00    33.0  15.0    0        0.0    0  176   100    76   186.0      171.0             0.0              176
7  2021-02-08 00:00:00-05:00    72.0  20.0    0        0.0    0    0     0     0   114.0       94.0             0.0                0
8  2021-02-09 00:00:00-05:00    68.0  20.0    0        0.0    0    0     0     0    46.0       26.0             0.0                0
9  2021-02-10 00:00:00-05:00    68.0  20.0    0        0.0    0  108    60    48    86.0       66.0             0.0              108
10 2021-02-11 00:00:00-05:00    46.0  20.0    0        0.0    0    0     0     0    40.0       20.0             0.0                0
11 2021-02-12 00:00:00-05:00    39.0  20.0    0        0.0    0  140    76    64   141.0      121.0             0.0              140
12 2021-02-13 00:00:00-05:00    96.0  20.0    0        0.0    0    0     0     0    45.0       25.0             0.0                0
13 2021-02-14 00:00:00-05:00    62.0  20.0    0        0.0    0  152    96    56   135.0      115.0             0.0              152
14 2021-02-15 00:00:00-05:00    67.0  10.0    0        0.0    0    0     0     0    68.0       58.0             0.0                0
15 2021-02-16 00:00:00-05:00    37.0  10.0    0        0.0    0    0     0     0    31.0       21.0             0.0                0
16 2021-02-17 00:00:00-05:00    24.0  10.0    0        0.0    0  112    56    56   119.0      109.0             0.0              112
17 2021-02-18 00:00:00-05:00    71.0  10.0    0        0.0    0    0     0     0    48.0       38.0             0.0                0
18 2021-02-19 00:00:00-05:00    89.0  10.0    0        0.0    0   88    76    12    47.0       37.0             0.0               88
19 2021-02-20 00:00:00-05:00    34.0  10.0    0        0.0    0    0     0     0    13.0        3.0             0.0                0
20 2021-02-21 00:00:00-05:00    85.0  10.0    0        0.0    0  232   132   100   160.0      150.0             0.0              232
                  startdate                   enddate  volume_exact  volume_upto  ordered_total  srs_and_mso  aop_and_ss_and_avo  net_ss  ignored_demand
0 2021-02-01 00:00:00+00:00 2021-02-08 00:00:00+00:00          -2.0         -2.0            512            0               408.0    15.0           104.0
1 2021-02-08 00:00:00+00:00 2021-02-15 00:00:00+00:00          -2.0         -2.0            400            0               456.0     5.0           -56.0
2 2021-02-15 00:00:00+00:00 2021-02-22 00:00:00+00:00          -2.0         -2.0            432            0               397.0   -10.0            35.0
3 2021-02-22 00:00:00+00:00 2021-03-01 00:00:00+00:00          -2.0         -2.0            236            0                 0.0     0.0           236.0
5003@7001
   startdate    enddate vendor  rank  volume_exact  volume_upto  soq  srs  mso  buyguide percentage  actual_percentage  order_total
0 2021-02-01 2021-02-02   6002    -1            -1           -1    0    0    0                100.0                  0            0
1 2021-02-02 2021-02-03   6002    -1            -1           -1    0    0    0                100.0                  0            0
                        date  demand    ss  avo  schedrcpt  mso  soq  6002  projoh  projavail  ignored_demand  incoming_supply
0  2021-02-01 00:00:00-05:00   101.0  15.0    0        4.0    0    0     0     0.0      -15.0            97.0                0
1  2021-02-02 00:00:00-05:00    92.0  15.0    0        0.0    0    0     0     0.0      -15.0            92.0                0
2  2021-02-03 00:00:00-05:00    61.0  15.0    0        0.0    0  153   153    92.0       77.0             0.0              153
3  2021-02-04 00:00:00-05:00    75.0  15.0    0        0.0    0    0     0    17.0        2.0             0.0                0
4  2021-02-05 00:00:00-05:00    21.0  15.0    0        0.0    0   87    87    83.0       68.0             0.0               87
5  2021-02-06 00:00:00-05:00    68.0  15.0    0        0.0    0    0     0    15.0        0.0             0.0                0
6  2021-02-07 00:00:00-05:00    69.0  15.0    0        0.0    0  222   222   168.0      153.0             0.0              222
7  2021-02-08 00:00:00-05:00    48.0  20.0    0        0.0    0    0     0   120.0      100.0             0.0                0
8  2021-02-09 00:00:00-05:00    98.0  20.0    0        0.0    0    0     0    22.0        2.0             0.0                0
9  2021-02-10 00:00:00-05:00    94.0  20.0    0        0.0    0  105   105    33.0       13.0             0.0              105
10 2021-02-11 00:00:00-05:00    13.0  20.0    0        0.0    0    0     0    20.0        0.0             0.0                0
11 2021-02-12 00:00:00-05:00    37.0  20.0    0        0.0    0   51    51    34.0       14.0             0.0               51
12 2021-02-13 00:00:00-05:00    12.0  20.0    0        0.0    0    0     0    22.0        2.0             0.0                0
13 2021-02-14 00:00:00-05:00    67.0  20.0    0        0.0    0  201   201   156.0      136.0             0.0              201
14 2021-02-15 00:00:00-05:00   102.0  10.0    0        0.0    0    0     0    54.0       44.0             0.0                0
15 2021-02-16 00:00:00-05:00    42.0  10.0    0        0.0    0    0     0    12.0        2.0             0.0                0
16 2021-02-17 00:00:00-05:00    62.0  10.0    0        0.0    0  165   165   115.0      105.0             0.0              165
17 2021-02-18 00:00:00-05:00   104.0  10.0    0        0.0    0    0     0    11.0        1.0             0.0                0
18 2021-02-19 00:00:00-05:00    57.0  10.0    0        0.0    0   87    87    41.0       31.0             0.0               87
19 2021-02-20 00:00:00-05:00    30.0  10.0    0        0.0    0    0     0    11.0        1.0             0.0                0
20 2021-02-21 00:00:00-05:00    13.0  10.0    0        0.0    0  171   171   169.0      159.0             0.0              171
   startdate    enddate  volume_exact  volume_upto  ordered_total  srs_and_mso  aop_and_ss_and_avo  net_ss  ignored_demand
0 2021-02-01 2021-02-02            -1           -1              0            0               116.0    15.0          -116.0
1 2021-02-02 2021-02-03            -1           -1              0            0                92.0     0.0           -92.0
5004@7001
   startdate    enddate vendor  rank  volume_exact  volume_upto  soq  srs  mso  buyguide percentage  actual_percentage  order_total
0 2021-02-01 2021-02-02   6003    -1            -1           -1    0    0    0                100.0                  0            0
1 2021-02-02 2021-02-03   6003    -1            -1           -1    0    0    0                100.0                  0            0
                        date  demand    ss  avo  schedrcpt  mso  soq  6003  projoh  projavail  ignored_demand  incoming_supply
0  2021-02-01 00:00:00-05:00    38.0  15.0    0        4.0    0    0     0     0.0      -15.0            34.0                0
1  2021-02-02 00:00:00-05:00    77.0  15.0    0        0.0    0    0     0     0.0      -15.0            77.0                0
2  2021-02-03 00:00:00-05:00    20.0  15.0    0        0.0    0    0     0     0.0      -15.0            20.0                0
3  2021-02-04 00:00:00-05:00    16.0  15.0    0        0.0    0   80    80    64.0       49.0             0.0               80
4  2021-02-05 00:00:00-05:00    49.0  15.0    0        0.0    0    0     0    15.0        0.0             0.0                0
5  2021-02-06 00:00:00-05:00    66.0  15.0    0        0.0    0  304   304   253.0      238.0             0.0              304
6  2021-02-07 00:00:00-05:00    65.0  15.0    0        0.0    0    0     0   188.0      173.0             0.0                0
7  2021-02-08 00:00:00-05:00    97.0  20.0    0        0.0    0    0     0    91.0       71.0             0.0                0
8  2021-02-09 00:00:00-05:00    14.0  20.0    0        0.0    0    0     0    77.0       57.0             0.0                0
9  2021-02-10 00:00:00-05:00    55.0  20.0    0        0.0    0    0     0    22.0        2.0             0.0                0
10 2021-02-11 00:00:00-05:00   104.0  20.0    0        0.0    0  116   116    34.0       14.0             0.0              116
11 2021-02-12 00:00:00-05:00    12.0  20.0    0        0.0    0    0     0    22.0        2.0             0.0                0
12 2021-02-13 00:00:00-05:00    64.0  20.0    0        0.0    0  276   276   234.0      214.0             0.0              276
13 2021-02-14 00:00:00-05:00    26.0  20.0    0        0.0    0    0     0   208.0      188.0             0.0                0
14 2021-02-15 00:00:00-05:00    78.0  10.0    0        0.0    0    0     0   130.0      120.0             0.0                0
15 2021-02-16 00:00:00-05:00    12.0  10.0    0        0.0    0    0     0   118.0      108.0             0.0                0
16 2021-02-17 00:00:00-05:00   106.0  10.0    0        0.0    0    0     0    12.0        2.0             0.0                0
17 2021-02-18 00:00:00-05:00    54.0  10.0    0        0.0    0  144   144   102.0       92.0             0.0              144
18 2021-02-19 00:00:00-05:00    92.0  10.0    0        0.0    0    0     0    10.0        0.0             0.0                0
19 2021-02-20 00:00:00-05:00    47.0  10.0    0        0.0    0  300   300   263.0      253.0             0.0              300
20 2021-02-21 00:00:00-05:00    68.0  10.0    0        0.0    0    0     0   195.0      185.0             0.0                0
   startdate    enddate  volume_exact  volume_upto  ordered_total  srs_and_mso  aop_and_ss_and_avo  net_ss  ignored_demand
0 2021-02-01 2021-02-02            -1           -1              0            0                53.0    15.0           -53.0
1 2021-02-02 2021-02-03            -1           -1              0            0                77.0     0.0           -77.0
