50133
5001@7001
                  startdate                   enddate vendor  rank  volume_exact  volume_upto  soq   srs  mso  buyguide percentage  actual_percentage  order_total
0 2021-02-01 00:00:00+00:00 2021-02-08 00:00:00+00:00   6001    -1          -1.0         -1.0  294  10.0    0                 70.0          50.666667        600.0
3 2021-02-01 00:00:00+00:00 2021-02-08 00:00:00+00:00   6002    -1          -1.0         -1.0  296   0.0    0                 30.0          49.333333        600.0
1 2021-02-08 00:00:00+00:00 2021-02-15 00:00:00+00:00   6001    -1          -1.0         -1.0  268   0.0    0                 50.0          30.078563        891.0
4 2021-02-08 00:00:00+00:00 2021-02-15 00:00:00+00:00   6002    -1          -1.0         -1.0  623   0.0    0                 50.0          69.921437        891.0
2 2021-02-15 00:00:00+00:00 2021-02-22 00:00:00+00:00   6001    -1          -1.0         -1.0  166   0.0    0                 60.0          27.574751        602.0
5 2021-02-15 00:00:00+00:00 2021-02-22 00:00:00+00:00   6002    -1          -1.0         -1.0  436   0.0    0                 40.0          72.425249        602.0
                        date  demand   ss  avo  schedrcpt  mso  soq  6001  6002  projoh  projavail  ignored_demand  incoming_supply
0  2021-02-01 00:00:00-05:00   100.0  0.0    0        0.0    0    0     0     0     0.0        0.0           100.0                0
1  2021-02-02 00:00:00-05:00   100.0  0.0    0        0.0    0    0     0     0     0.0        0.0           100.0                0
2  2021-02-03 00:00:00-05:00   100.0  0.0    0        0.0    0  290   133   157   190.0      190.0             0.0              290
3  2021-02-04 00:00:00-05:00   100.0  0.0    0       10.0    0    0     0     0   100.0      100.0             0.0                0
4  2021-02-05 00:00:00-05:00   100.0  0.0    0        0.0    0   70    70     0    70.0       70.0             0.0               70
5  2021-02-06 00:00:00-05:00   100.0  0.0    0        0.0    0  230    91   139   200.0      200.0             0.0              230
6  2021-02-07 00:00:00-05:00   100.0  0.0    0        0.0    0    0     0     0   100.0      100.0             0.0                0
7  2021-02-08 00:00:00-05:00   100.0  0.0    0        0.0    0   64    64     0    64.0       64.0             0.0               64
8  2021-02-09 00:00:00-05:00   100.0  0.0    0        0.0    0  238     0   238   202.0      202.0             0.0              238
9  2021-02-10 00:00:00-05:00   100.0  0.0    0        0.0    0    0     0     0   102.0      102.0             0.0                0
10 2021-02-11 00:00:00-05:00   100.0  0.0    0        0.0    0    0     0     0     2.0        2.0             0.0                0
11 2021-02-12 00:00:00-05:00   100.0  0.0    0        0.0    0  291    98   193   193.0      193.0             0.0              291
12 2021-02-13 00:00:00-05:00   100.0  0.0    0        0.0    0    4     4     0    97.0       97.0             0.0                4
13 2021-02-14 00:00:00-05:00   100.0  0.0    0        0.0    0  294   102   192   291.0      291.0             0.0              294
14 2021-02-15 00:00:00-05:00   100.0  0.0    0        0.0    0    0     0     0   191.0      191.0             0.0                0
15 2021-02-16 00:00:00-05:00   100.0  0.0    0        0.0    0    0     0     0    91.0       91.0             0.0                0
16 2021-02-17 00:00:00-05:00   100.0  0.0    0        0.0    0  309    66   243   300.0      300.0             0.0              309
17 2021-02-18 00:00:00-05:00   100.0  0.0    0        0.0    0    0     0     0   200.0      200.0             0.0                0
18 2021-02-19 00:00:00-05:00   100.0  0.0    0        0.0    0    0     0     0   100.0      100.0             0.0                0
19 2021-02-20 00:00:00-05:00   100.0  0.0    0        0.0    0    0     0     0     0.0        0.0             0.0                0
20 2021-02-21 00:00:00-05:00   100.0  0.0    0        0.0    0  293   100   193   193.0      193.0             0.0              293
                  startdate                   enddate  volume_exact  volume_upto  ordered_total  srs_and_mso  aop_and_ss_and_avo  net_ss  ignored_demand
0 2021-02-01 00:00:00+00:00 2021-02-08 00:00:00+00:00          -2.0         -2.0            590         10.0               700.0     0.0          -100.0
1 2021-02-08 00:00:00+00:00 2021-02-15 00:00:00+00:00          -2.0         -2.0            891          0.0               700.0     0.0           191.0
2 2021-02-15 00:00:00+00:00 2021-02-22 00:00:00+00:00          -2.0         -2.0            602          0.0               700.0     0.0           -98.0
5002@7001
   startdate    enddate vendor  rank  volume_exact  volume_upto  soq  srs  mso  buyguide percentage  actual_percentage  order_total
0 2021-02-01 2021-02-02   6001    -1            -1           -1    0    0    0                100.0                  0            0
1 2021-02-02 2021-02-03   6001    -1            -1           -1    0    0    0                100.0                  0            0
                        date  demand   ss  avo  schedrcpt  mso  soq  6001  projoh  projavail  ignored_demand  incoming_supply
0  2021-02-01 00:00:00-05:00   100.0  0.0    0          0    0    0     0     0.0        0.0           100.0                0
1  2021-02-02 00:00:00-05:00   100.0  0.0    0          0    0    0     0     0.0        0.0           100.0                0
2  2021-02-03 00:00:00-05:00   100.0  0.0    0          0    0  200   200   100.0      100.0             0.0              200
3  2021-02-04 00:00:00-05:00   100.0  0.0    0          0    0    0     0     0.0        0.0             0.0                0
4  2021-02-05 00:00:00-05:00   100.0  0.0    0          0    0  200   200   100.0      100.0             0.0              200
5  2021-02-06 00:00:00-05:00   100.0  0.0    0          0    0  100   100   100.0      100.0             0.0              100
6  2021-02-07 00:00:00-05:00   100.0  0.0    0          0    0    0     0     0.0        0.0             0.0                0
7  2021-02-08 00:00:00-05:00   100.0  0.0    0          0    0  200   200   100.0      100.0             0.0              200
8  2021-02-09 00:00:00-05:00   100.0  0.0    0          0    0    0     0     0.0        0.0             0.0                0
9  2021-02-10 00:00:00-05:00   100.0  0.0    0          0    0  200   200   100.0      100.0             0.0              200
10 2021-02-11 00:00:00-05:00   100.0  0.0    0          0    0    0     0     0.0        0.0             0.0                0
11 2021-02-12 00:00:00-05:00   100.0  0.0    0          0    0  100   100     0.0        0.0             0.0              100
12 2021-02-13 00:00:00-05:00   100.0  0.0    0          0    0  200   200   100.0      100.0             0.0              200
13 2021-02-14 00:00:00-05:00   100.0  0.0    0          0    0  200   200   200.0      200.0             0.0              200
14 2021-02-15 00:00:00-05:00   100.0  0.0    0          0    0    0     0   100.0      100.0             0.0                0
15 2021-02-16 00:00:00-05:00   100.0  0.0    0          0    0    0     0     0.0        0.0             0.0                0
16 2021-02-17 00:00:00-05:00   100.0  0.0    0          0    0  200   200   100.0      100.0             0.0              200
17 2021-02-18 00:00:00-05:00   100.0  0.0    0          0    0    0     0     0.0        0.0             0.0                0
18 2021-02-19 00:00:00-05:00   100.0  0.0    0          0    0  200   200   100.0      100.0             0.0              200
19 2021-02-20 00:00:00-05:00   100.0  0.0    0          0    0    0     0     0.0        0.0             0.0                0
20 2021-02-21 00:00:00-05:00   100.0  0.0    0          0    0  100   100     0.0        0.0             0.0              100
   startdate    enddate  volume_exact  volume_upto  ordered_total  srs_and_mso  aop_and_ss_and_avo  net_ss  ignored_demand
0 2021-02-01 2021-02-02            -1           -1              0            0               100.0     0.0          -100.0
1 2021-02-02 2021-02-03            -1           -1              0            0               100.0     0.0          -100.0
5003@7001
   startdate    enddate vendor  rank  volume_exact  volume_upto  soq  srs  mso  buyguide percentage  actual_percentage  order_total
0 2021-02-01 2021-02-02   6002    -1            -1           -1    0    0    0                100.0                  0            0
1 2021-02-02 2021-02-03   6002    -1            -1           -1    0    0    0                100.0                  0            0
                        date  demand   ss  avo  schedrcpt  mso  soq  6002  projoh  projavail  ignored_demand  incoming_supply
0  2021-02-01 00:00:00-05:00   100.0  0.0    0          0    0    0     0     0.0        0.0           100.0                0
1  2021-02-02 00:00:00-05:00   100.0  0.0    0          0    0    0     0     0.0        0.0           100.0                0
2  2021-02-03 00:00:00-05:00   100.0  0.0    0          0    0  300   300   200.0      200.0             0.0              300
3  2021-02-04 00:00:00-05:00   100.0  0.0    0          0    0    0     0   100.0      100.0             0.0                0
4  2021-02-05 00:00:00-05:00   100.0  0.0    0          0    0    0     0     0.0        0.0             0.0                0
5  2021-02-06 00:00:00-05:00   100.0  0.0    0          0    0  300   300   200.0      200.0             0.0              300
6  2021-02-07 00:00:00-05:00   100.0  0.0    0          0    0    0     0   100.0      100.0             0.0                0
7  2021-02-08 00:00:00-05:00   100.0  0.0    0          0    0    0     0     0.0        0.0             0.0                0
8  2021-02-09 00:00:00-05:00   100.0  0.0    0          0    0  302   302   202.0      202.0             0.0              302
9  2021-02-10 00:00:00-05:00   100.0  0.0    0          0    0    0     0   102.0      102.0             0.0                0
10 2021-02-11 00:00:00-05:00   100.0  0.0    0          0    0    0     0     2.0        2.0             0.0                0
11 2021-02-12 00:00:00-05:00   100.0  0.0    0          0    0  294   294   196.0      196.0             0.0              294
12 2021-02-13 00:00:00-05:00   100.0  0.0    0          0    0    0     0    96.0       96.0             0.0                0
13 2021-02-14 00:00:00-05:00   100.0  0.0    0          0    0  298   298   294.0      294.0             0.0              298
14 2021-02-15 00:00:00-05:00   100.0  0.0    0          0    0    0     0   194.0      194.0             0.0                0
15 2021-02-16 00:00:00-05:00   100.0  0.0    0          0    0    0     0    94.0       94.0             0.0                0
16 2021-02-17 00:00:00-05:00   100.0  0.0    0          0    0  306   306   300.0      300.0             0.0              306
17 2021-02-18 00:00:00-05:00   100.0  0.0    0          0    0    0     0   200.0      200.0             0.0                0
18 2021-02-19 00:00:00-05:00   100.0  0.0    0          0    0    0     0   100.0      100.0             0.0                0
19 2021-02-20 00:00:00-05:00   100.0  0.0    0          0    0    0     0     0.0        0.0             0.0                0
20 2021-02-21 00:00:00-05:00   100.0  0.0    0          0    0  294   294   194.0      194.0             0.0              294
   startdate    enddate  volume_exact  volume_upto  ordered_total  srs_and_mso  aop_and_ss_and_avo  net_ss  ignored_demand
0 2021-02-01 2021-02-02            -1           -1              0            0               100.0     0.0          -100.0
1 2021-02-02 2021-02-03            -1           -1              0            0               100.0     0.0          -100.0
