50245



5001@7001
                   startdate                   enddate vendor  rank  volume_exact  volume_upto  soq  srs  mso  buyguide percentage  actual_percentage  order_total
0  2021-02-01 00:00:00+00:00 2021-02-08 00:00:00+00:00   6001    -1          -1.0         -1.0  115    0    0                 30.0          30.666667          375
4  2021-02-01 00:00:00+00:00 2021-02-08 00:00:00+00:00   6002    -1          -1.0         -1.0  110    0    0                 30.0          29.333333          375
8  2021-02-01 00:00:00+00:00 2021-02-08 00:00:00+00:00   6003    -1          -1.0         -1.0  150    0    0                 40.0          40.000000          375
1  2021-02-08 00:00:00+00:00 2021-02-15 00:00:00+00:00   6001    -1          -1.0         -1.0  120    0    0                 25.0          25.531915          470
5  2021-02-08 00:00:00+00:00 2021-02-15 00:00:00+00:00   6002    -1          -1.0         -1.0  115    0    0                 25.0          24.468085          470
9  2021-02-08 00:00:00+00:00 2021-02-15 00:00:00+00:00   6003    -1          -1.0         -1.0  235    0    0                 50.0          50.000000          470
2  2021-02-15 00:00:00+00:00 2021-02-22 00:00:00+00:00   6001    -1          -1.0         -1.0  185    0    0                 50.0          50.684932          365
6  2021-02-15 00:00:00+00:00 2021-02-22 00:00:00+00:00   6002    -1          -1.0         -1.0   90    0    0                 25.0          24.657534          365
10 2021-02-15 00:00:00+00:00 2021-02-22 00:00:00+00:00   6003    -1          -1.0         -1.0   90    0    0                 25.0          24.657534          365
3  2021-02-22 00:00:00+00:00 2021-03-01 00:00:00+00:00   6001    -1          -1.0         -1.0  245    0    0                 50.0          51.041667          480
7  2021-02-22 00:00:00+00:00 2021-03-01 00:00:00+00:00   6002    -1          -1.0         -1.0  120    0    0                 25.0          25.000000          480
11 2021-02-22 00:00:00+00:00 2021-03-01 00:00:00+00:00   6003    -1          -1.0         -1.0  115    0    0                 25.0          23.958333          480
                        date  demand    ss  avo  schedrcpt  mso  soq  6001  6002  6003  projoh  projavail  ignored_demand  incoming_supply
0  2021-02-01 00:00:00-05:00    43.0  15.0    0        4.0    0    0     0     0     0     0.0      -15.0            39.0                0
1  2021-02-02 00:00:00-05:00    57.0  15.0    0        0.0    0   75    40    35     0    18.0        3.0             0.0               75
2  2021-02-03 00:00:00-05:00    34.0  15.0    0        0.0    0   35    15    20     0    19.0        4.0             0.0               35
3  2021-02-04 00:00:00-05:00    98.0  15.0    0        0.0    0   95    10     0    85    16.0        1.0             0.0               95
4  2021-02-05 00:00:00-05:00    54.0  15.0    0        0.0    0   55    15    25    15    17.0        2.0             0.0               55
5  2021-02-06 00:00:00-05:00    61.0  15.0    0        0.0    0   60    20    15    25    16.0        1.0             0.0               60
6  2021-02-07 00:00:00-05:00    54.0  15.0    0        0.0    0   55    15    15    25    17.0        2.0             0.0               55
7  2021-02-08 00:00:00-05:00    74.0  20.0    0        0.0    0   80    20    20    40    23.0        3.0             0.0               80
8  2021-02-09 00:00:00-05:00    34.0  20.0    0        0.0    0   35    10    10    15    24.0        4.0             0.0               35
9  2021-02-10 00:00:00-05:00    43.0  20.0    0        0.0    0   40    10    10    20    21.0        1.0             0.0               40
10 2021-02-11 00:00:00-05:00   101.0  20.0    0        0.0    0  100    25    25    50    20.0        0.0             0.0              100
11 2021-02-12 00:00:00-05:00    63.0  20.0    0        0.0    0   65    15    15    35    22.0        2.0             0.0               65
12 2021-02-13 00:00:00-05:00    55.0  20.0    0        0.0    0   55    15    15    25    22.0        2.0             0.0               55
13 2021-02-14 00:00:00-05:00    95.0  20.0    0        0.0    0   95    25    20    50    22.0        2.0             0.0               95
14 2021-02-15 00:00:00-05:00    72.0  10.0    0        0.0    0   60    30    15    15    10.0        0.0             0.0               60
15 2021-02-16 00:00:00-05:00    69.0  10.0    0        0.0    0   70    35    20    15    11.0        1.0             0.0               70
16 2021-02-17 00:00:00-05:00    70.0  10.0    0        0.0    0   70    35    15    20    11.0        1.0             0.0               70
17 2021-02-18 00:00:00-05:00    25.0  10.0    0        0.0    0   25    15     5     5    11.0        1.0             0.0               25
18 2021-02-19 00:00:00-05:00    39.0  10.0    0        0.0    0   40    20    10    10    12.0        2.0             0.0               40
19 2021-02-20 00:00:00-05:00    90.0  10.0    0        0.0    0   90    45    25    20    12.0        2.0             0.0               90
20 2021-02-21 00:00:00-05:00    10.0  10.0    0        0.0    0   10     5     0     5    12.0        2.0             0.0               10
                  startdate                   enddate  volume_exact  volume_upto  ordered_total  srs_and_mso  aop_and_ss_and_avo  net_ss  ignored_demand
0 2021-02-01 00:00:00+00:00 2021-02-08 00:00:00+00:00          -3.0         -3.0            375            0               416.0    15.0           -41.0
1 2021-02-08 00:00:00+00:00 2021-02-15 00:00:00+00:00          -3.0         -3.0            470            0               470.0     5.0             0.0
2 2021-02-15 00:00:00+00:00 2021-02-22 00:00:00+00:00          -3.0         -3.0            365            0               365.0   -10.0             0.0
3 2021-02-22 00:00:00+00:00 2021-03-01 00:00:00+00:00          -3.0         -3.0            480            0                 0.0     0.0           480.0
5002@7001
                  startdate                   enddate vendor  rank  volume_exact  volume_upto  soq  srs  mso  buyguide percentage  actual_percentage  order_total
0 2021-02-01 00:00:00+00:00 2021-02-08 00:00:00+00:00   6001    -1          -1.0         -1.0  260    0    0                 65.0          65.656566          396
4 2021-02-01 00:00:00+00:00 2021-02-08 00:00:00+00:00   6002    -1          -1.0         -1.0  136    0    0                 35.0          34.343434          396
1 2021-02-08 00:00:00+00:00 2021-02-15 00:00:00+00:00   6001    -1          -1.0         -1.0  296    0    0                 65.0          64.912281          456
5 2021-02-08 00:00:00+00:00 2021-02-15 00:00:00+00:00   6002    -1          -1.0         -1.0  160    0    0                 35.0          35.087719          456
2 2021-02-15 00:00:00+00:00 2021-02-22 00:00:00+00:00   6001    -1          -1.0         -1.0  260    0    0                 65.0          65.656566          396
6 2021-02-15 00:00:00+00:00 2021-02-22 00:00:00+00:00   6002    -1          -1.0         -1.0  136    0    0                 35.0          34.343434          396
3 2021-02-22 00:00:00+00:00 2021-03-01 00:00:00+00:00   6001    -1          -1.0         -1.0  248    0    0                 65.0          62.626263          396
7 2021-02-22 00:00:00+00:00 2021-03-01 00:00:00+00:00   6002    -1          -1.0         -1.0  148    0    0                 35.0          37.373737          396
                        date  demand    ss  avo  schedrcpt  mso  soq  6001  6002  projoh  projavail  ignored_demand  incoming_supply
0  2021-02-01 00:00:00-05:00    13.0  15.0    0        4.0    0    0     0     0     0.0      -15.0             9.0                0
1  2021-02-02 00:00:00-05:00    54.0  15.0    0        0.0    0   72    48    24    18.0        3.0             0.0               72
2  2021-02-03 00:00:00-05:00    88.0  15.0    0        0.0    0   88    56    32    18.0        3.0             0.0               88
3  2021-02-04 00:00:00-05:00    71.0  15.0    0        0.0    0   68    48    20    15.0        0.0             0.0               68
4  2021-02-05 00:00:00-05:00    39.0  15.0    0        0.0    0   40    24    16    16.0        1.0             0.0               40
5  2021-02-06 00:00:00-05:00    95.0  15.0    0        0.0    0   96    60    36    17.0        2.0             0.0               96
6  2021-02-07 00:00:00-05:00    33.0  15.0    0        0.0    0   32    24     8    16.0        1.0             0.0               32
7  2021-02-08 00:00:00-05:00    72.0  20.0    0        0.0    0   76    52    24    20.0        0.0             0.0               76
8  2021-02-09 00:00:00-05:00    68.0  20.0    0        0.0    0   68    44    24    20.0        0.0             0.0               68
9  2021-02-10 00:00:00-05:00    68.0  20.0    0        0.0    0   68    44    24    20.0        0.0             0.0               68
10 2021-02-11 00:00:00-05:00    46.0  20.0    0        0.0    0   48    28    20    22.0        2.0             0.0               48
11 2021-02-12 00:00:00-05:00    39.0  20.0    0        0.0    0   40    28    12    23.0        3.0             0.0               40
12 2021-02-13 00:00:00-05:00    96.0  20.0    0        0.0    0   96    60    36    23.0        3.0             0.0               96
13 2021-02-14 00:00:00-05:00    62.0  20.0    0        0.0    0   60    40    20    21.0        1.0             0.0               60
14 2021-02-15 00:00:00-05:00    67.0  10.0    0        0.0    0   56    40    16    10.0        0.0             0.0               56
15 2021-02-16 00:00:00-05:00    37.0  10.0    0        0.0    0   40    24    16    13.0        3.0             0.0               40
16 2021-02-17 00:00:00-05:00    24.0  10.0    0        0.0    0   24    16     8    13.0        3.0             0.0               24
17 2021-02-18 00:00:00-05:00    71.0  10.0    0        0.0    0   68    44    24    10.0        0.0             0.0               68
18 2021-02-19 00:00:00-05:00    89.0  10.0    0        0.0    0   92    60    32    13.0        3.0             0.0               92
19 2021-02-20 00:00:00-05:00    34.0  10.0    0        0.0    0   32    20    12    11.0        1.0             0.0               32
20 2021-02-21 00:00:00-05:00    85.0  10.0    0        0.0    0   84    56    28    10.0        0.0             0.0               84
                  startdate                   enddate  volume_exact  volume_upto  ordered_total  srs_and_mso  aop_and_ss_and_avo  net_ss  ignored_demand
0 2021-02-01 00:00:00+00:00 2021-02-08 00:00:00+00:00          -2.0         -2.0            396            0               408.0    15.0           -12.0
1 2021-02-08 00:00:00+00:00 2021-02-15 00:00:00+00:00          -2.0         -2.0            456            0               456.0     5.0             0.0
2 2021-02-15 00:00:00+00:00 2021-02-22 00:00:00+00:00          -2.0         -2.0            396            0               397.0   -10.0            -1.0
3 2021-02-22 00:00:00+00:00 2021-03-01 00:00:00+00:00          -2.0         -2.0            396            0                 0.0     0.0           396.0
