5001@7001
                   startdate                   enddate vendor  rank  volume  soq  buyguide percentage  actual_percentage
0  2021-02-01 00:00:00+00:00 2021-02-08 00:00:00+00:00   6001    -1    -1.0   65                 30.0          16.455696
4  2021-02-01 00:00:00+00:00 2021-02-08 00:00:00+00:00   6002    -1    -1.0   65                 30.0          16.455696
8  2021-02-01 00:00:00+00:00 2021-02-08 00:00:00+00:00   6003    -1    -1.0  265                 40.0          67.088608
1  2021-02-08 00:00:00+00:00 2021-02-15 00:00:00+00:00   6001    -1    -1.0  100                 25.0          21.978022
5  2021-02-08 00:00:00+00:00 2021-02-15 00:00:00+00:00   6002    -1    -1.0  100                 25.0          21.978022
9  2021-02-08 00:00:00+00:00 2021-02-15 00:00:00+00:00   6003    -1    -1.0  255                 50.0          56.043956
2  2021-02-15 00:00:00+00:00 2021-02-22 00:00:00+00:00   6001    -1    -1.0  100                 50.0          32.786885
6  2021-02-15 00:00:00+00:00 2021-02-22 00:00:00+00:00   6002    -1    -1.0   45                 25.0          14.754098
10 2021-02-15 00:00:00+00:00 2021-02-22 00:00:00+00:00   6003    -1    -1.0  160                 25.0          52.459016
3  2021-02-22 00:00:00+00:00 2021-03-01 00:00:00+00:00   6001    -1    -1.0  165                 50.0          34.020619
7  2021-02-22 00:00:00+00:00 2021-03-01 00:00:00+00:00   6002    -1    -1.0   90                 25.0          18.556701
11 2021-02-22 00:00:00+00:00 2021-03-01 00:00:00+00:00   6003    -1    -1.0  230                 25.0          47.422680
                        date  demand    ss  schedrcpt  soq  6001  6002  6003  projoh  projavail  ignored_demand
0  2021-02-01 00:00:00-05:00    43.0  15.0          0    0     0     0     0     0.0      -15.0            43.0
1  2021-02-02 00:00:00-05:00    57.0  15.0          0    0     0     0     0     0.0      -15.0            57.0
2  2021-02-03 00:00:00-05:00    34.0  15.0          0  150    15    15   120   116.0      101.0             0.0
3  2021-02-04 00:00:00-05:00    98.0  15.0          0    0     0     0     0    18.0        3.0             0.0
4  2021-02-05 00:00:00-05:00    54.0  15.0          0  115    25    25    65    79.0       64.0             0.0
5  2021-02-06 00:00:00-05:00    61.0  15.0          0    0     0     0     0    18.0        3.0             0.0
6  2021-02-07 00:00:00-05:00    54.0  15.0          0  130    25    25    80    94.0       79.0             0.0
7  2021-02-08 00:00:00-05:00    74.0  20.0          0    0     0     0     0    20.0        0.0             0.0
8  2021-02-09 00:00:00-05:00    34.0  20.0          0   80    10    10    60    66.0       46.0             0.0
9  2021-02-10 00:00:00-05:00    43.0  20.0          0    0     0     0     0    23.0        3.0             0.0
10 2021-02-11 00:00:00-05:00   101.0  20.0          0  100    35    35    30    22.0        2.0             0.0
11 2021-02-12 00:00:00-05:00    63.0  20.0          0  130    15    15   100    89.0       69.0             0.0
12 2021-02-13 00:00:00-05:00    55.0  20.0          0    0     0     0     0    34.0       14.0             0.0
13 2021-02-14 00:00:00-05:00    95.0  20.0          0  145    40    40    65    84.0       64.0             0.0
14 2021-02-15 00:00:00-05:00    72.0  10.0          0    0     0     0     0    12.0        2.0             0.0
15 2021-02-16 00:00:00-05:00    69.0  10.0          0  150    35    15   100    93.0       83.0             0.0
16 2021-02-17 00:00:00-05:00    70.0  10.0          0    0     0     0     0    23.0       13.0             0.0
17 2021-02-18 00:00:00-05:00    25.0  10.0          0   55    10     0    45    53.0       43.0             0.0
18 2021-02-19 00:00:00-05:00    39.0  10.0          0    0     0     0     0    14.0        4.0             0.0
19 2021-02-20 00:00:00-05:00    90.0  10.0          0  100    55    30    15    24.0       14.0             0.0
20 2021-02-21 00:00:00-05:00    10.0  10.0          0    0     0     0     0    14.0        4.0             0.0
21 2021-02-22 00:00:00-05:00    68.0  25.0          0   80    40    20    20    26.0        1.0             0.0
22 2021-02-23 00:00:00-05:00    62.0  25.0          0  160    30    15   115   124.0       99.0             0.0
23 2021-02-24 00:00:00-05:00    96.0  25.0          0    0     0     0     0    28.0        3.0             0.0
24 2021-02-25 00:00:00-05:00    94.0  25.0          0  145    60    30    55    79.0       54.0             0.0
25 2021-02-26 00:00:00-05:00    50.0  25.0          0    0     0     0     0    29.0        4.0             0.0
26 2021-02-27 00:00:00-05:00    59.0  25.0          0   95    35    20    40    65.0       40.0             0.0
27 2021-02-28 00:00:00-05:00    65.0  25.0          0    5     0     5     0     5.0      -20.0             0.0
28 2021-03-01 00:00:00-05:00     0.0  35.0          0    0     0     0     0     5.0      -30.0             0.0
29 2021-03-02 00:00:00-05:00     0.0  35.0          0    0     0     0     0     5.0      -30.0             0.0
30 2021-03-03 00:00:00-05:00     0.0  35.0          0    0     0     0     0     5.0      -30.0             0.0
31 2021-03-04 00:00:00-05:00     0.0  35.0          0    0     0     0     0     5.0      -30.0             0.0
32 2021-03-05 00:00:00-05:00     0.0  35.0          0    0     0     0     0     5.0      -30.0             0.0
33 2021-03-06 00:00:00-05:00     0.0  35.0          0    0     0     0     0     5.0      -30.0             0.0
34 2021-03-07 00:00:00-05:00     0.0  35.0          0    0     0     0     0     5.0      -30.0             0.0
35 2021-03-08 00:00:00-05:00     0.0   0.0          0    0     0     0     0     5.0        5.0             0.0
36 2021-03-09 00:00:00-05:00     0.0   0.0          0    0     0     0     0     5.0        5.0             0.0
37 2021-03-10 00:00:00-05:00     0.0   0.0          0    0     0     0     0     5.0        5.0             0.0
38 2021-03-11 00:00:00-05:00     0.0   0.0          0    0     0     0     0     5.0        5.0             0.0
39 2021-03-12 00:00:00-05:00     0.0   0.0          0    0     0     0     0     5.0        5.0             0.0
40 2021-03-13 00:00:00-05:00     0.0   0.0          0    0     0     0     0     5.0        5.0             0.0
41 2021-03-14 00:00:00-05:00     0.0   0.0          0    0     0     0     0     5.0        5.0             0.0
                  startdate                   enddate  volume  ordered_total  aop_and_ss  net_ss
0 2021-02-01 00:00:00+00:00 2021-02-08 00:00:00+00:00    -3.0            395       416.0    15.0
1 2021-02-08 00:00:00+00:00 2021-02-15 00:00:00+00:00    -3.0            455       485.0    20.0
2 2021-02-15 00:00:00+00:00 2021-02-22 00:00:00+00:00    -3.0            305       385.0    10.0
3 2021-02-22 00:00:00+00:00 2021-03-01 00:00:00+00:00    -3.0            485       519.0    25.0
5002@7001
                  startdate                   enddate vendor  rank  volume  soq  buyguide percentage  actual_percentage
0 2021-02-01 00:00:00+00:00 2021-02-08 00:00:00+00:00   6001    -1    -1.0  220                 65.0          63.953488
4 2021-02-01 00:00:00+00:00 2021-02-08 00:00:00+00:00   6002    -1    -1.0  124                 35.0          36.046512
1 2021-02-08 00:00:00+00:00 2021-02-15 00:00:00+00:00   6001    -1    -1.0  296                 65.0          64.912281
5 2021-02-08 00:00:00+00:00 2021-02-15 00:00:00+00:00   6002    -1    -1.0  160                 35.0          35.087719
2 2021-02-15 00:00:00+00:00 2021-02-22 00:00:00+00:00   6001    -1    -1.0  256                 65.0          64.646465
6 2021-02-15 00:00:00+00:00 2021-02-22 00:00:00+00:00   6002    -1    -1.0  140                 35.0          35.353535
3 2021-02-22 00:00:00+00:00 2021-03-01 00:00:00+00:00   6001    -1    -1.0  244                 65.0          62.244898
7 2021-02-22 00:00:00+00:00 2021-03-01 00:00:00+00:00   6002    -1    -1.0  148                 35.0          37.755102
                        date  demand    ss  schedrcpt  soq  6001  6002  projoh  projavail  ignored_demand
0  2021-02-01 00:00:00-05:00    13.0  15.0          0    0     0     0     0.0      -15.0            13.0
1  2021-02-02 00:00:00-05:00    54.0  15.0          0    0     0     0     0.0      -15.0            54.0
2  2021-02-03 00:00:00-05:00    88.0  15.0          0  104    68    36    16.0        1.0             0.0
3  2021-02-04 00:00:00-05:00    71.0  15.0          0   72    44    28    17.0        2.0             0.0
4  2021-02-05 00:00:00-05:00    39.0  15.0          0   40    28    12    18.0        3.0             0.0
5  2021-02-06 00:00:00-05:00    95.0  15.0          0   92    60    32    15.0        0.0             0.0
6  2021-02-07 00:00:00-05:00    33.0  15.0          0   36    20    16    18.0        3.0             0.0
7  2021-02-08 00:00:00-05:00    72.0  20.0          0   76    48    28    22.0        2.0             0.0
8  2021-02-09 00:00:00-05:00    68.0  20.0          0   68    44    24    22.0        2.0             0.0
9  2021-02-10 00:00:00-05:00    68.0  20.0          0   68    44    24    22.0        2.0             0.0
10 2021-02-11 00:00:00-05:00    46.0  20.0          0   44    32    12    20.0        0.0             0.0
11 2021-02-12 00:00:00-05:00    39.0  20.0          0   40    24    16    21.0        1.0             0.0
12 2021-02-13 00:00:00-05:00    96.0  20.0          0   96    64    32    21.0        1.0             0.0
13 2021-02-14 00:00:00-05:00    62.0  20.0          0   64    40    24    23.0        3.0             0.0
14 2021-02-15 00:00:00-05:00    67.0  10.0          0   56    36    20    12.0        2.0             0.0
15 2021-02-16 00:00:00-05:00    37.0  10.0          0   36    24    12    11.0        1.0             0.0
16 2021-02-17 00:00:00-05:00    24.0  10.0          0   24    16     8    11.0        1.0             0.0
17 2021-02-18 00:00:00-05:00    71.0  10.0          0   72    44    28    12.0        2.0             0.0
18 2021-02-19 00:00:00-05:00    89.0  10.0          0   88    60    28    11.0        1.0             0.0
19 2021-02-20 00:00:00-05:00    34.0  10.0          0   36    20    16    13.0        3.0             0.0
20 2021-02-21 00:00:00-05:00    85.0  10.0          0   84    56    28    12.0        2.0             0.0
21 2021-02-22 00:00:00-05:00    47.0  25.0          0   60    40    20    25.0        0.0             0.0
22 2021-02-23 00:00:00-05:00    24.0  25.0          0   24    16     8    25.0        0.0             0.0
23 2021-02-24 00:00:00-05:00    97.0  25.0          0  100    60    40    28.0        3.0             0.0
24 2021-02-25 00:00:00-05:00    70.0  25.0          0   68    48    20    26.0        1.0             0.0
25 2021-02-26 00:00:00-05:00    28.0  25.0          0   28    16    12    26.0        1.0             0.0
26 2021-02-27 00:00:00-05:00    64.0  25.0          0   64    44    20    26.0        1.0             0.0
27 2021-02-28 00:00:00-05:00    57.0  25.0          0   48    20    28    17.0       -8.0             0.0
28 2021-03-01 00:00:00-05:00     0.0  35.0          0    4     0     4    21.0      -14.0             0.0
29 2021-03-02 00:00:00-05:00     0.0  35.0          0    4     0     4    25.0      -10.0             0.0
30 2021-03-03 00:00:00-05:00     0.0  35.0          0    4     0     4    29.0       -6.0             0.0
31 2021-03-04 00:00:00-05:00     0.0  35.0          0    4     0     4    33.0       -2.0             0.0
32 2021-03-05 00:00:00-05:00     0.0  35.0          0    4     0     4    37.0        2.0             0.0
33 2021-03-06 00:00:00-05:00     0.0  35.0          0    0     0     0    37.0        2.0             0.0
34 2021-03-07 00:00:00-05:00     0.0  35.0          0    0     0     0    37.0        2.0             0.0
35 2021-03-08 00:00:00-05:00     0.0   0.0          0    0     0     0    37.0       37.0             0.0
36 2021-03-09 00:00:00-05:00     0.0   0.0          0    0     0     0    37.0       37.0             0.0
37 2021-03-10 00:00:00-05:00     0.0   0.0          0    0     0     0    37.0       37.0             0.0
38 2021-03-11 00:00:00-05:00     0.0   0.0          0    0     0     0    37.0       37.0             0.0
39 2021-03-12 00:00:00-05:00     0.0   0.0          0    0     0     0    37.0       37.0             0.0
40 2021-03-13 00:00:00-05:00     0.0   0.0          0    0     0     0    37.0       37.0             0.0
41 2021-03-14 00:00:00-05:00     0.0   0.0          0    0     0     0    37.0       37.0             0.0
                  startdate                   enddate  volume  ordered_total  aop_and_ss  net_ss
0 2021-02-01 00:00:00+00:00 2021-02-08 00:00:00+00:00    -2.0            344       408.0    15.0
1 2021-02-08 00:00:00+00:00 2021-02-15 00:00:00+00:00    -2.0            456       471.0    20.0
2 2021-02-15 00:00:00+00:00 2021-02-22 00:00:00+00:00    -2.0            396       417.0    10.0
3 2021-02-22 00:00:00+00:00 2021-03-01 00:00:00+00:00    -2.0            392       412.0    25.0
