DSI-100.09
5001@7001
                   startdate                   enddate vendor  rank  volume_exact  volume_upto  soq  srs  mso  buyguide percentage  actual_percentage  order_total
0  2021-02-01 00:00:00+00:00 2021-02-08 00:00:00+00:00   6001    -1          -1.0         -1.0  215    0    0                 30.0          50.000000          430
4  2021-02-01 00:00:00+00:00 2021-02-08 00:00:00+00:00   6002    -1          -1.0         -1.0  215    0    0                 30.0          50.000000          430
8  2021-02-01 00:00:00+00:00 2021-02-08 00:00:00+00:00   6003    -1          -1.0         -1.0    0    0    0                 40.0           0.000000          430
1  2021-02-08 00:00:00+00:00 2021-02-15 00:00:00+00:00   6001    -1          -1.0         -1.0  220    0    0                 25.0          42.718447          515
5  2021-02-08 00:00:00+00:00 2021-02-15 00:00:00+00:00   6002    -1          -1.0         -1.0  225    0    0                 25.0          43.689320          515
9  2021-02-08 00:00:00+00:00 2021-02-15 00:00:00+00:00   6003    -1          -1.0         -1.0   70    0    0                 50.0          13.592233          515
2  2021-02-15 00:00:00+00:00 2021-02-22 00:00:00+00:00   6001    -1          -1.0         -1.0  285    0    0                 50.0          59.375000          480
6  2021-02-15 00:00:00+00:00 2021-02-22 00:00:00+00:00   6002    -1          -1.0         -1.0  160    0    0                 25.0          33.333333          480
10 2021-02-15 00:00:00+00:00 2021-02-22 00:00:00+00:00   6003    -1          -1.0         -1.0   35    0    0                 25.0           7.291667          480
3  2021-02-22 00:00:00+00:00 2021-03-01 00:00:00+00:00   6001    -1          -1.0         -1.0  200    0    0                 50.0          51.282051          390
7  2021-02-22 00:00:00+00:00 2021-03-01 00:00:00+00:00   6002    -1          -1.0         -1.0  105    0    0                 25.0          26.923077          390
11 2021-02-22 00:00:00+00:00 2021-03-01 00:00:00+00:00   6003    -1          -1.0         -1.0   85    0    0                 25.0          21.794872          390
                        date  demand    ss  avo  schedrcpt  mso  soq  6001  6002  6003  projoh  projavail  ignored_demand  incoming_supply
0  2021-02-01 00:00:00-05:00    43.0  15.0    0        4.0    0    0     0     0     0     0.0      -15.0            39.0                0
1  2021-02-02 00:00:00-05:00    57.0  15.0    0        0.0    0  150    75    75     0    93.0       78.0             0.0              150
2  2021-02-03 00:00:00-05:00    34.0  15.0    0        0.0    0    0     0     0     0    59.0       44.0             0.0                0
3  2021-02-04 00:00:00-05:00    98.0  15.0    0        0.0    0  170    85    85     0   131.0      116.0             0.0              170
4  2021-02-05 00:00:00-05:00    54.0  15.0    0        0.0    0    0     0     0     0    77.0       62.0             0.0                0
5  2021-02-06 00:00:00-05:00    61.0  15.0    0        0.0    0    0     0     0     0    16.0        1.0             0.0                0
6  2021-02-07 00:00:00-05:00    54.0  15.0    0        0.0    0  110    55    55     0    72.0       57.0             0.0              110
7  2021-02-08 00:00:00-05:00    74.0  20.0    0        0.0    0  155    75    80     0   153.0      133.0             0.0              155
8  2021-02-09 00:00:00-05:00    34.0  20.0    0        0.0    0    0     0     0     0   119.0       99.0             0.0                0
9  2021-02-10 00:00:00-05:00    43.0  20.0    0        0.0    0    0     0     0     0    76.0       56.0             0.0                0
10 2021-02-11 00:00:00-05:00   101.0  20.0    0        0.0    0  170    85    85     0   145.0      125.0             0.0              170
11 2021-02-12 00:00:00-05:00    63.0  20.0    0        0.0    0   15     0     0    15    97.0       77.0             0.0               15
12 2021-02-13 00:00:00-05:00    55.0  20.0    0        0.0    0   55     0     0    55    97.0       77.0             0.0               55
13 2021-02-14 00:00:00-05:00    95.0  20.0    0        0.0    0  120    60    60     0   122.0      102.0             0.0              120
14 2021-02-15 00:00:00-05:00    72.0  10.0    0        0.0    0  180   120    60     0   230.0      220.0             0.0              180
15 2021-02-16 00:00:00-05:00    69.0  10.0    0        0.0    0    0     0     0     0   161.0      151.0             0.0                0
16 2021-02-17 00:00:00-05:00    70.0  10.0    0        0.0    0    0     0     0     0    91.0       81.0             0.0                0
17 2021-02-18 00:00:00-05:00    25.0  10.0    0        0.0    0  130    85    45     0   196.0      186.0             0.0              130
18 2021-02-19 00:00:00-05:00    39.0  10.0    0        0.0    0    0     0     0     0   157.0      147.0             0.0                0
19 2021-02-20 00:00:00-05:00    90.0  10.0    0        0.0    0   35     0     0    35   102.0       92.0             0.0               35
20 2021-02-21 00:00:00-05:00    10.0  10.0    0        0.0    0  135    80    55     0   227.0      217.0             0.0              135
                  startdate                   enddate  volume_exact  volume_upto  ordered_total  srs_and_mso  aop_and_ss_and_avo  net_ss  ignored_demand
0 2021-02-01 00:00:00+00:00 2021-02-08 00:00:00+00:00          -3.0         -3.0            430            0               416.0    15.0            14.0
1 2021-02-08 00:00:00+00:00 2021-02-15 00:00:00+00:00          -3.0         -3.0            515            0               470.0     5.0            45.0
2 2021-02-15 00:00:00+00:00 2021-02-22 00:00:00+00:00          -3.0         -3.0            480            0               365.0   -10.0           115.0
3 2021-02-22 00:00:00+00:00 2021-03-01 00:00:00+00:00          -3.0         -3.0            390            0                 0.0     0.0           390.0
5002@7001
                  startdate                   enddate vendor  rank  volume_exact  volume_upto  soq  srs  mso  buyguide percentage  actual_percentage  order_total
0 2021-02-01 00:00:00+00:00 2021-02-08 00:00:00+00:00   6001    -1          -1.0         -1.0  348    0    0                 65.0          62.142857          560
4 2021-02-01 00:00:00+00:00 2021-02-08 00:00:00+00:00   6002    -1          -1.0         -1.0  212    0    0                 35.0          37.857143          560
1 2021-02-08 00:00:00+00:00 2021-02-15 00:00:00+00:00   6001    -1          -1.0         -1.0  404    0    0                 65.0          64.331210          628
5 2021-02-08 00:00:00+00:00 2021-02-15 00:00:00+00:00   6002    -1          -1.0         -1.0  224    0    0                 35.0          35.668790          628
2 2021-02-15 00:00:00+00:00 2021-02-22 00:00:00+00:00   6001    -1          -1.0         -1.0  332    0    0                 65.0          61.940299          536
6 2021-02-15 00:00:00+00:00 2021-02-22 00:00:00+00:00   6002    -1          -1.0         -1.0  204    0    0                 35.0          38.059701          536
3 2021-02-22 00:00:00+00:00 2021-03-01 00:00:00+00:00   6001    -1          -1.0         -1.0  244    0    0                 65.0          64.893617          376
7 2021-02-22 00:00:00+00:00 2021-03-01 00:00:00+00:00   6002    -1          -1.0         -1.0  132    0    0                 35.0          35.106383          376
                        date  demand    ss  avo  schedrcpt  mso  soq  6001  6002  projoh  projavail  ignored_demand  incoming_supply
0  2021-02-01 00:00:00-05:00    13.0  15.0    0        4.0    0    0     0     0     0.0      -15.0             9.0                0
1  2021-02-02 00:00:00-05:00    54.0  15.0    0        0.0    0  184   104    80   130.0      115.0             0.0              184
2  2021-02-03 00:00:00-05:00    88.0  15.0    0        0.0    0    0     0     0    42.0       27.0             0.0                0
3  2021-02-04 00:00:00-05:00    71.0  15.0    0        0.0    0  180   116    64   151.0      136.0             0.0              180
4  2021-02-05 00:00:00-05:00    39.0  15.0    0        0.0    0    0     0     0   112.0       97.0             0.0                0
5  2021-02-06 00:00:00-05:00    95.0  15.0    0        0.0    0    0     0     0    17.0        2.0             0.0                0
6  2021-02-07 00:00:00-05:00    33.0  15.0    0        0.0    0  196   128    68   180.0      165.0             0.0              196
7  2021-02-08 00:00:00-05:00    72.0  20.0    0        0.0    0  180   116    64   288.0      268.0             0.0              180
8  2021-02-09 00:00:00-05:00    68.0  20.0    0        0.0    0    0     0     0   220.0      200.0             0.0                0
9  2021-02-10 00:00:00-05:00    68.0  20.0    0        0.0    0    0     0     0   152.0      132.0             0.0                0
10 2021-02-11 00:00:00-05:00    46.0  20.0    0        0.0    0  268   172    96   374.0      354.0             0.0              268
11 2021-02-12 00:00:00-05:00    39.0  20.0    0        0.0    0    0     0     0   335.0      315.0             0.0                0
12 2021-02-13 00:00:00-05:00    96.0  20.0    0        0.0    0    0     0     0   239.0      219.0             0.0                0
13 2021-02-14 00:00:00-05:00    62.0  20.0    0        0.0    0  180   116    64   357.0      337.0             0.0              180
14 2021-02-15 00:00:00-05:00    67.0  10.0    0        0.0    0  144    76    68   434.0      424.0             0.0              144
15 2021-02-16 00:00:00-05:00    37.0  10.0    0        0.0    0    0     0     0   397.0      387.0             0.0                0
16 2021-02-17 00:00:00-05:00    24.0  10.0    0        0.0    0    0     0     0   373.0      363.0             0.0                0
17 2021-02-18 00:00:00-05:00    71.0  10.0    0        0.0    0  208   136    72   510.0      500.0             0.0              208
18 2021-02-19 00:00:00-05:00    89.0  10.0    0        0.0    0    0     0     0   421.0      411.0             0.0                0
19 2021-02-20 00:00:00-05:00    34.0  10.0    0        0.0    0    0     0     0   387.0      377.0             0.0                0
20 2021-02-21 00:00:00-05:00    85.0  10.0    0        0.0    0  184   120    64   486.0      476.0             0.0              184
                  startdate                   enddate  volume_exact  volume_upto  ordered_total  srs_and_mso  aop_and_ss_and_avo  net_ss  ignored_demand
0 2021-02-01 00:00:00+00:00 2021-02-08 00:00:00+00:00          -2.0         -2.0            560            0               408.0    15.0           152.0
1 2021-02-08 00:00:00+00:00 2021-02-15 00:00:00+00:00          -2.0         -2.0            628            0               456.0     5.0           172.0
2 2021-02-15 00:00:00+00:00 2021-02-22 00:00:00+00:00          -2.0         -2.0            536            0               397.0   -10.0           139.0
3 2021-02-22 00:00:00+00:00 2021-03-01 00:00:00+00:00          -2.0         -2.0            376            0                 0.0     0.0           376.0
5003@7001
   startdate    enddate vendor  rank  volume_exact  volume_upto  soq  srs  mso  buyguide percentage  actual_percentage  order_total
0 2021-02-01 2021-02-02   6002    -1            -1           -1    0    0    0                100.0                0.0            0
1 2021-02-02 2021-02-03   6002    -1            -1           -1  168    0    0                100.0              100.0          168
                        date  demand    ss  avo  schedrcpt  mso  soq  6002  projoh  projavail  ignored_demand  incoming_supply
0  2021-02-01 00:00:00-05:00   101.0  15.0    0        4.0    0    0     0     0.0      -15.0            97.0                0
1  2021-02-02 00:00:00-05:00    92.0  15.0    0        0.0    0  168   168    76.0       61.0             0.0              168
2  2021-02-03 00:00:00-05:00    61.0  15.0    0        0.0    0    0     0    15.0        0.0             0.0                0
3  2021-02-04 00:00:00-05:00    75.0  15.0    0        0.0    0  165   165   105.0       90.0             0.0              165
4  2021-02-05 00:00:00-05:00    21.0  15.0    0        0.0    0    0     0    84.0       69.0             0.0                0
5  2021-02-06 00:00:00-05:00    68.0  15.0    0        0.0    0    0     0    16.0        1.0             0.0                0
6  2021-02-07 00:00:00-05:00    69.0  15.0    0        0.0    0  237   237   184.0      169.0             0.0              237
7  2021-02-08 00:00:00-05:00    48.0  20.0    0        0.0    0  165   165   301.0      281.0             0.0              165
8  2021-02-09 00:00:00-05:00    98.0  20.0    0        0.0    0    0     0   203.0      183.0             0.0                0
9  2021-02-10 00:00:00-05:00    94.0  20.0    0        0.0    0    0     0   109.0       89.0             0.0                0
10 2021-02-11 00:00:00-05:00    13.0  20.0    0        0.0    0  150   150   246.0      226.0             0.0              150
11 2021-02-12 00:00:00-05:00    37.0  20.0    0        0.0    0    0     0   209.0      189.0             0.0                0
12 2021-02-13 00:00:00-05:00    12.0  20.0    0        0.0    0    0     0   197.0      177.0             0.0                0
13 2021-02-14 00:00:00-05:00    67.0  20.0    0        0.0    0  222   222   352.0      332.0             0.0              222
14 2021-02-15 00:00:00-05:00   102.0  10.0    0        0.0    0  177   177   427.0      417.0             0.0              177
15 2021-02-16 00:00:00-05:00    42.0  10.0    0        0.0    0    0     0   385.0      375.0             0.0                0
16 2021-02-17 00:00:00-05:00    62.0  10.0    0        0.0    0    0     0   323.0      313.0             0.0                0
17 2021-02-18 00:00:00-05:00   104.0  10.0    0        0.0    0  201   201   420.0      410.0             0.0              201
18 2021-02-19 00:00:00-05:00    57.0  10.0    0        0.0    0    0     0   363.0      353.0             0.0                0
19 2021-02-20 00:00:00-05:00    30.0  10.0    0        0.0    0    0     0   333.0      323.0             0.0                0
20 2021-02-21 00:00:00-05:00    13.0  10.0    0        0.0    0  183   183   503.0      493.0             0.0              183
   startdate    enddate  volume_exact  volume_upto  ordered_total  srs_and_mso  aop_and_ss_and_avo  net_ss  ignored_demand
0 2021-02-01 2021-02-02            -1           -1              0            0               116.0    15.0          -116.0
1 2021-02-02 2021-02-03            -1           -1            168            0                92.0     0.0            76.0
5004@7001
   startdate    enddate vendor  rank  volume_exact  volume_upto  soq  srs  mso  buyguide percentage  actual_percentage  order_total
0 2021-02-01 2021-02-02   6003    -1            -1           -1    0    0    0                100.0                  0            0
1 2021-02-02 2021-02-03   6003    -1            -1           -1    0    0    0                100.0                  0            0
                        date  demand    ss  avo  schedrcpt  mso  soq  6003  projoh  projavail  ignored_demand  incoming_supply
0  2021-02-01 00:00:00-05:00    38.0  15.0    0        4.0    0    0     0     0.0      -15.0            34.0                0
1  2021-02-02 00:00:00-05:00    77.0  15.0    0        0.0    0    0     0     0.0      -15.0            77.0                0
2  2021-02-03 00:00:00-05:00    20.0  15.0    0        0.0    0    0     0     0.0      -15.0            20.0                0
3  2021-02-04 00:00:00-05:00    16.0  15.0    0        0.0    0    0     0     0.0      -15.0            16.0                0
4  2021-02-05 00:00:00-05:00    49.0  15.0    0        0.0    0   64    64    15.0        0.0             0.0               64
5  2021-02-06 00:00:00-05:00    66.0  15.0    0        0.0    0   68    68    17.0        2.0             0.0               68
6  2021-02-07 00:00:00-05:00    65.0  15.0    0        0.0    0   64    64    16.0        1.0             0.0               64
7  2021-02-08 00:00:00-05:00    97.0  20.0    0        0.0    0  104   104    23.0        3.0             0.0              104
8  2021-02-09 00:00:00-05:00    14.0  20.0    0        0.0    0   12    12    21.0        1.0             0.0               12
9  2021-02-10 00:00:00-05:00    55.0  20.0    0        0.0    0   56    56    22.0        2.0             0.0               56
10 2021-02-11 00:00:00-05:00   104.0  20.0    0        0.0    0  104   104    22.0        2.0             0.0              104
11 2021-02-12 00:00:00-05:00    12.0  20.0    0        0.0    0   12    12    22.0        2.0             0.0               12
12 2021-02-13 00:00:00-05:00    64.0  20.0    0        0.0    0   64    64    22.0        2.0             0.0               64
13 2021-02-14 00:00:00-05:00    26.0  20.0    0        0.0    0   24    24    20.0        0.0             0.0               24
14 2021-02-15 00:00:00-05:00    78.0  10.0    0        0.0    0   68    68    10.0        0.0             0.0               68
15 2021-02-16 00:00:00-05:00    12.0  10.0    0        0.0    0   12    12    10.0        0.0             0.0               12
16 2021-02-17 00:00:00-05:00   106.0  10.0    0        0.0    0  108   108    12.0        2.0             0.0              108
17 2021-02-18 00:00:00-05:00    54.0  10.0    0        0.0    0   52    52    10.0        0.0             0.0               52
18 2021-02-19 00:00:00-05:00    92.0  10.0    0        0.0    0   92    92    10.0        0.0             0.0               92
19 2021-02-20 00:00:00-05:00    47.0  10.0    0        0.0    0   48    48    11.0        1.0             0.0               48
20 2021-02-21 00:00:00-05:00    68.0  10.0    0        0.0    0   68    68    11.0        1.0             0.0               68
   startdate    enddate  volume_exact  volume_upto  ordered_total  srs_and_mso  aop_and_ss_and_avo  net_ss  ignored_demand
0 2021-02-01 2021-02-02            -1           -1              0            0                53.0    15.0           -53.0
1 2021-02-02 2021-02-03            -1           -1              0            0                77.0     0.0           -77.0
