50119



5001@7001
                  startdate                   enddate vendor  rank  volume_exact  volume_upto  soq  srs  mso  buyguide percentage  actual_percentage  order_total
0 2021-02-01 00:00:00+00:00 2021-02-08 00:00:00+00:00   6001    -1          -1.0         -1.0   75    0    0                 50.0               50.0          150
3 2021-02-01 00:00:00+00:00 2021-02-08 00:00:00+00:00   6002    -1          -1.0         -1.0   75    0    0                 50.0               50.0          150
1 2021-02-08 00:00:00+00:00 2021-02-15 00:00:00+00:00   6001    -1          -1.0         -1.0  165    0    0                 30.0               30.0          550
4 2021-02-08 00:00:00+00:00 2021-02-15 00:00:00+00:00   6002    -1          -1.0         -1.0  385    0    0                 70.0               70.0          550
2 2021-02-15 00:00:00+00:00 2021-02-22 00:00:00+00:00   6001    -1          -1.0         -1.0  315    0    0                 45.0               45.0          700
5 2021-02-15 00:00:00+00:00 2021-02-22 00:00:00+00:00   6002    -1          -1.0         -1.0  385    0    0                 55.0               55.0          700
                        date  demand   ss  avo  schedrcpt  mso  soq  6001  6002  projoh  projavail  ignored_demand  incoming_supply
0  2021-02-01 00:00:00-05:00   100.0  0.0    0        0.0    0    0     0     0     0.0        0.0           100.0                0
1  2021-02-02 00:00:00-05:00   100.0  0.0    0        0.0    0    0     0     0     0.0        0.0           100.0                0
2  2021-02-03 00:00:00-05:00   100.0  0.0    0        0.0    0  100    25    75     0.0        0.0             0.0              100
3  2021-02-04 00:00:00-05:00   100.0  0.0    0        0.0    0   50    50     0     0.0        0.0            50.0               50
4  2021-02-05 00:00:00-05:00   100.0  0.0    0      450.0    0    0     0     0   350.0      350.0             0.0                0
5  2021-02-06 00:00:00-05:00   100.0  0.0    0        0.0    0    0     0     0   250.0      250.0             0.0                0
6  2021-02-07 00:00:00-05:00   100.0  0.0    0        0.0    0    0     0     0   150.0      150.0             0.0                0
7  2021-02-08 00:00:00-05:00   100.0  0.0    0        0.0    0    0     0     0    50.0       50.0             0.0                0
8  2021-02-09 00:00:00-05:00   100.0  0.0    0        0.0    0   50    15    35     0.0        0.0             0.0               50
9  2021-02-10 00:00:00-05:00   100.0  0.0    0        0.0    0  100    30    70     0.0        0.0             0.0              100
10 2021-02-11 00:00:00-05:00   100.0  0.0    0        0.0    0  100    30    70     0.0        0.0             0.0              100
11 2021-02-12 00:00:00-05:00   100.0  0.0    0        0.0    0  100    30    70     0.0        0.0             0.0              100
12 2021-02-13 00:00:00-05:00   100.0  0.0    0        0.0    0  100    30    70     0.0        0.0             0.0              100
13 2021-02-14 00:00:00-05:00   100.0  0.0    0        0.0    0  100    30    70     0.0        0.0             0.0              100
14 2021-02-15 00:00:00-05:00   100.0  0.0    0        0.0    0  100    45    55     0.0        0.0             0.0              100
15 2021-02-16 00:00:00-05:00   100.0  0.0    0        0.0    0  100    45    55     0.0        0.0             0.0              100
16 2021-02-17 00:00:00-05:00   100.0  0.0    0        0.0    0  100    45    55     0.0        0.0             0.0              100
17 2021-02-18 00:00:00-05:00   100.0  0.0    0        0.0    0  100    45    55     0.0        0.0             0.0              100
18 2021-02-19 00:00:00-05:00   100.0  0.0    0        0.0    0  100    45    55     0.0        0.0             0.0              100
19 2021-02-20 00:00:00-05:00   100.0  0.0    0        0.0    0  100    45    55     0.0        0.0             0.0              100
20 2021-02-21 00:00:00-05:00   100.0  0.0    0        0.0    0  100    45    55     0.0        0.0             0.0              100
                  startdate                   enddate  volume_exact  volume_upto  ordered_total  srs_and_mso  aop_and_ss_and_avo  net_ss  ignored_demand
0 2021-02-01 00:00:00+00:00 2021-02-08 00:00:00+00:00          -2.0         -2.0            150            0               700.0     0.0          -550.0
1 2021-02-08 00:00:00+00:00 2021-02-15 00:00:00+00:00          -2.0         -2.0            550            0               700.0     0.0          -150.0
2 2021-02-15 00:00:00+00:00 2021-02-22 00:00:00+00:00          -2.0         -2.0            700            0               700.0     0.0             0.0
