50229



5001@7001
                   startdate                   enddate vendor  rank  volume_exact  volume_upto  soq  srs  mso  buyguide percentage  actual_percentage  order_total
0  2021-02-01 00:00:00+00:00 2021-02-08 00:00:00+00:00   6001    -1          -1.0         -1.0  120    0    0                 30.0          34.782609          345
4  2021-02-01 00:00:00+00:00 2021-02-08 00:00:00+00:00   6002    -1          -1.0         -1.0  120    0    0                 30.0          34.782609          345
8  2021-02-01 00:00:00+00:00 2021-02-08 00:00:00+00:00   6003    -1          -1.0         -1.0  105    0    0                 40.0          30.434783          345
1  2021-02-08 00:00:00+00:00 2021-02-15 00:00:00+00:00   6001    -1          -1.0         -1.0  120    0    0                 25.0          26.966292          445
5  2021-02-08 00:00:00+00:00 2021-02-15 00:00:00+00:00   6002    -1          -1.0         -1.0  120    0    0                 25.0          26.966292          445
9  2021-02-08 00:00:00+00:00 2021-02-15 00:00:00+00:00   6003    -1          -1.0         -1.0  205    0    0                 50.0          46.067416          445
2  2021-02-15 00:00:00+00:00 2021-02-22 00:00:00+00:00   6001    -1          -1.0         -1.0  225    0    0                 50.0          52.941176          425
6  2021-02-15 00:00:00+00:00 2021-02-22 00:00:00+00:00   6002    -1          -1.0         -1.0  120    0    0                 25.0          28.235294          425
10 2021-02-15 00:00:00+00:00 2021-02-22 00:00:00+00:00   6003    -1          -1.0         -1.0   80    0    0                 25.0          18.823529          425
3  2021-02-22 00:00:00+00:00 2021-03-01 00:00:00+00:00   6001    -1          -1.0         -1.0  235    0    0                 50.0          55.952381          420
7  2021-02-22 00:00:00+00:00 2021-03-01 00:00:00+00:00   6002    -1          -1.0         -1.0  115    0    0                 25.0          27.380952          420
11 2021-02-22 00:00:00+00:00 2021-03-01 00:00:00+00:00   6003    -1          -1.0         -1.0   70    0    0                 25.0          16.666667          420
                        date  demand    ss  avo  schedrcpt  mso  soq  6001  6002  6003  projoh  projavail  ignored_demand  incoming_supply
0  2021-02-01 00:00:00-05:00    43.0  15.0    0        4.0    0    0     0     0     0     0.0      -15.0            39.0                0
1  2021-02-02 00:00:00-05:00    57.0  15.0    0        0.0    0    0     0     0     0     0.0      -15.0            57.0                0
2  2021-02-03 00:00:00-05:00    34.0  15.0    0        0.0    0   90    45    45     0    56.0       41.0             0.0               90
3  2021-02-04 00:00:00-05:00    98.0  15.0    0        0.0    0   60     0     0    60    18.0        3.0             0.0               60
4  2021-02-05 00:00:00-05:00    54.0  15.0    0        0.0    0   70    35    35     0    34.0       19.0             0.0               70
5  2021-02-06 00:00:00-05:00    61.0  15.0    0        0.0    0   45     0     0    45    18.0        3.0             0.0               45
6  2021-02-07 00:00:00-05:00    54.0  15.0    0        0.0    0   80    40    40     0    44.0       29.0             0.0               80
7  2021-02-08 00:00:00-05:00    74.0  20.0    0        0.0    0   70    35    35     0    40.0       20.0             0.0               70
8  2021-02-09 00:00:00-05:00    34.0  20.0    0        0.0    0   15     0     0    15    21.0        1.0             0.0               15
9  2021-02-10 00:00:00-05:00    43.0  20.0    0        0.0    0   45     0     0    45    23.0        3.0             0.0               45
10 2021-02-11 00:00:00-05:00   101.0  20.0    0        0.0    0  100    45    45    10    22.0        2.0             0.0              100
11 2021-02-12 00:00:00-05:00    63.0  20.0    0        0.0    0   65     0     0    65    24.0        4.0             0.0               65
12 2021-02-13 00:00:00-05:00    55.0  20.0    0        0.0    0   80    40    40     0    49.0       29.0             0.0               80
13 2021-02-14 00:00:00-05:00    95.0  20.0    0        0.0    0   70     0     0    70    24.0        4.0             0.0               70
14 2021-02-15 00:00:00-05:00    72.0  10.0    0        0.0    0  100    65    35     0    52.0       42.0             0.0              100
15 2021-02-16 00:00:00-05:00    69.0  10.0    0        0.0    0   30     0     0    30    13.0        3.0             0.0               30
16 2021-02-17 00:00:00-05:00    70.0  10.0    0        0.0    0   75    50    25     0    18.0        8.0             0.0               75
17 2021-02-18 00:00:00-05:00    25.0  10.0    0        0.0    0   20     0     0    20    13.0        3.0             0.0               20
18 2021-02-19 00:00:00-05:00    39.0  10.0    0        0.0    0  100    65    35     0    74.0       64.0             0.0              100
19 2021-02-20 00:00:00-05:00    90.0  10.0    0        0.0    0   30     0     0    30    14.0        4.0             0.0               30
20 2021-02-21 00:00:00-05:00    10.0  10.0    0        0.0    0   70    45    25     0    74.0       64.0             0.0               70
                  startdate                   enddate  volume_exact  volume_upto  ordered_total  srs_and_mso  aop_and_ss_and_avo  net_ss  ignored_demand
0 2021-02-01 00:00:00+00:00 2021-02-08 00:00:00+00:00          -3.0         -3.0            345            0               416.0    15.0           -71.0
1 2021-02-08 00:00:00+00:00 2021-02-15 00:00:00+00:00          -3.0         -3.0            445            0               470.0     5.0           -25.0
2 2021-02-15 00:00:00+00:00 2021-02-22 00:00:00+00:00          -3.0         -3.0            425            0               365.0   -10.0            60.0
3 2021-02-22 00:00:00+00:00 2021-03-01 00:00:00+00:00          -3.0         -3.0            420            0                 0.0     0.0           420.0
5002@7001
                  startdate                   enddate vendor  rank  volume_exact  volume_upto  soq  srs  mso  buyguide percentage  actual_percentage  order_total
0 2021-02-01 00:00:00+00:00 2021-02-08 00:00:00+00:00   6001    -1          -1.0         -1.0  272    0    0                 65.0          64.150943          424
4 2021-02-01 00:00:00+00:00 2021-02-08 00:00:00+00:00   6002    -1          -1.0         -1.0  152    0    0                 35.0          35.849057          424
1 2021-02-08 00:00:00+00:00 2021-02-15 00:00:00+00:00   6001    -1          -1.0         -1.0  244    0    0                 65.0          64.893617          376
5 2021-02-08 00:00:00+00:00 2021-02-15 00:00:00+00:00   6002    -1          -1.0         -1.0  132    0    0                 35.0          35.106383          376
2 2021-02-15 00:00:00+00:00 2021-02-22 00:00:00+00:00   6001    -1          -1.0         -1.0  304    0    0                 65.0          64.957265          468
6 2021-02-15 00:00:00+00:00 2021-02-22 00:00:00+00:00   6002    -1          -1.0         -1.0  164    0    0                 35.0          35.042735          468
3 2021-02-22 00:00:00+00:00 2021-03-01 00:00:00+00:00   6001    -1          -1.0         -1.0  196    0    0                 65.0          64.473684          304
7 2021-02-22 00:00:00+00:00 2021-03-01 00:00:00+00:00   6002    -1          -1.0         -1.0  108    0    0                 35.0          35.526316          304
                        date  demand    ss  avo  schedrcpt  mso  soq  6001  6002  projoh  projavail  ignored_demand  incoming_supply
0  2021-02-01 00:00:00-05:00    13.0  15.0    0        4.0    0    0     0     0     0.0      -15.0             9.0                0
1  2021-02-02 00:00:00-05:00    54.0  15.0    0        0.0    0    0     0     0     0.0      -15.0            54.0                0
2  2021-02-03 00:00:00-05:00    88.0  15.0    0        0.0    0  180   116    64    92.0       77.0             0.0              180
3  2021-02-04 00:00:00-05:00    71.0  15.0    0        0.0    0    0     0     0    21.0        6.0             0.0                0
4  2021-02-05 00:00:00-05:00    39.0  15.0    0        0.0    0  132    84    48   114.0       99.0             0.0              132
5  2021-02-06 00:00:00-05:00    95.0  15.0    0        0.0    0    0     0     0    19.0        4.0             0.0                0
6  2021-02-07 00:00:00-05:00    33.0  15.0    0        0.0    0  112    72    40    98.0       83.0             0.0              112
7  2021-02-08 00:00:00-05:00    72.0  20.0    0        0.0    0  136    88    48   162.0      142.0             0.0              136
8  2021-02-09 00:00:00-05:00    68.0  20.0    0        0.0    0    0     0     0    94.0       74.0             0.0                0
9  2021-02-10 00:00:00-05:00    68.0  20.0    0        0.0    0    0     0     0    26.0        6.0             0.0                0
10 2021-02-11 00:00:00-05:00    46.0  20.0    0        0.0    0   80    52    28    60.0       40.0             0.0               80
11 2021-02-12 00:00:00-05:00    39.0  20.0    0        0.0    0    0     0     0    21.0        1.0             0.0                0
12 2021-02-13 00:00:00-05:00    96.0  20.0    0        0.0    0  160   104    56    85.0       65.0             0.0              160
13 2021-02-14 00:00:00-05:00    62.0  20.0    0        0.0    0    0     0     0    23.0        3.0             0.0                0
14 2021-02-15 00:00:00-05:00    67.0  10.0    0        0.0    0   92    60    32    48.0       38.0             0.0               92
15 2021-02-16 00:00:00-05:00    37.0  10.0    0        0.0    0    0     0     0    11.0        1.0             0.0                0
16 2021-02-17 00:00:00-05:00    24.0  10.0    0        0.0    0  100    64    36    87.0       77.0             0.0              100
17 2021-02-18 00:00:00-05:00    71.0  10.0    0        0.0    0    0     0     0    16.0        6.0             0.0                0
18 2021-02-19 00:00:00-05:00    89.0  10.0    0        0.0    0  124    80    44    51.0       41.0             0.0              124
19 2021-02-20 00:00:00-05:00    34.0  10.0    0        0.0    0    0     0     0    17.0        7.0             0.0                0
20 2021-02-21 00:00:00-05:00    85.0  10.0    0        0.0    0  152   100    52    84.0       74.0             0.0              152
                  startdate                   enddate  volume_exact  volume_upto  ordered_total  srs_and_mso  aop_and_ss_and_avo  net_ss  ignored_demand
0 2021-02-01 00:00:00+00:00 2021-02-08 00:00:00+00:00          -2.0         -2.0            424            0               408.0    15.0            16.0
1 2021-02-08 00:00:00+00:00 2021-02-15 00:00:00+00:00          -2.0         -2.0            376            0               456.0     5.0           -80.0
2 2021-02-15 00:00:00+00:00 2021-02-22 00:00:00+00:00          -2.0         -2.0            468            0               397.0   -10.0            71.0
3 2021-02-22 00:00:00+00:00 2021-03-01 00:00:00+00:00          -2.0         -2.0            304            0                 0.0     0.0           304.0
