5001@7001
                   startdate                   enddate vendor  rank  volume  soq  srs  mso  buyguide percentage  actual_percentage
0  2021-02-01 00:00:00+00:00 2021-02-08 00:00:00+00:00   6001    -1    -1.0  120    0    0                 30.0          34.782609
4  2021-02-01 00:00:00+00:00 2021-02-08 00:00:00+00:00   6002    -1    -1.0  120    0    0                 30.0          34.782609
8  2021-02-01 00:00:00+00:00 2021-02-08 00:00:00+00:00   6003    -1    -1.0  105    0    0                 40.0          30.434783
1  2021-02-08 00:00:00+00:00 2021-02-15 00:00:00+00:00   6001    -1    -1.0  125    0    0                 25.0          28.089888
5  2021-02-08 00:00:00+00:00 2021-02-15 00:00:00+00:00   6002    -1    -1.0  125    0    0                 25.0          28.089888
9  2021-02-08 00:00:00+00:00 2021-02-15 00:00:00+00:00   6003    -1    -1.0  195    0    0                 50.0          43.820225
2  2021-02-15 00:00:00+00:00 2021-02-22 00:00:00+00:00   6001    -1    -1.0  230    0    0                 50.0          56.097561
6  2021-02-15 00:00:00+00:00 2021-02-22 00:00:00+00:00   6002    -1    -1.0  110    0    0                 25.0          26.829268
10 2021-02-15 00:00:00+00:00 2021-02-22 00:00:00+00:00   6003    -1    -1.0   70    0    0                 25.0          17.073171
3  2021-02-22 00:00:00+00:00 2021-03-01 00:00:00+00:00   6001    -1    -1.0  220    0    0                 50.0          50.574713
7  2021-02-22 00:00:00+00:00 2021-03-01 00:00:00+00:00   6002    -1    -1.0  110    0    0                 25.0          25.287356
11 2021-02-22 00:00:00+00:00 2021-03-01 00:00:00+00:00   6003    -1    -1.0  105    0    0                 25.0          24.137931
                        date  demand    ss  schedrcpt  mso  soq  6001  6002  6003  projoh  projavail  ignored_demand
0  2021-02-01 00:00:00-05:00    43.0  15.0        4.0    0    0     0     0     0     0.0      -15.0            39.0
1  2021-02-02 00:00:00-05:00    57.0  15.0        0.0    0    0     0     0     0     0.0      -15.0            57.0
2  2021-02-03 00:00:00-05:00    34.0  15.0        0.0    0   90    45    45     0    56.0       41.0             0.0
3  2021-02-04 00:00:00-05:00    98.0  15.0        0.0    0   60     0     0    60    18.0        3.0             0.0
4  2021-02-05 00:00:00-05:00    54.0  15.0        0.0    0   70    35    35     0    34.0       19.0             0.0
5  2021-02-06 00:00:00-05:00    61.0  15.0        0.0    0   45     0     0    45    18.0        3.0             0.0
6  2021-02-07 00:00:00-05:00    54.0  15.0        0.0    0   80    40    40     0    44.0       29.0             0.0
7  2021-02-08 00:00:00-05:00    74.0  20.0        0.0    0   60    30    30     0    30.0       10.0             0.0
8  2021-02-09 00:00:00-05:00    34.0  20.0        0.0    0   25     0     0    25    21.0        1.0             0.0
9  2021-02-10 00:00:00-05:00    43.0  20.0        0.0    0   45     0     0    45    23.0        3.0             0.0
10 2021-02-11 00:00:00-05:00   101.0  20.0        0.0    0  110    55    55     0    32.0       12.0             0.0
11 2021-02-12 00:00:00-05:00    63.0  20.0        0.0    0   55     0     0    55    24.0        4.0             0.0
12 2021-02-13 00:00:00-05:00    55.0  20.0        0.0    0   55     0     0    55    24.0        4.0             0.0
13 2021-02-14 00:00:00-05:00    95.0  20.0        0.0    0   95    40    40    15    24.0        4.0             0.0
14 2021-02-15 00:00:00-05:00    72.0  10.0        0.0    0  150   100    50     0   102.0       92.0             0.0
15 2021-02-16 00:00:00-05:00    69.0  10.0        0.0    0    0     0     0     0    33.0       23.0             0.0
16 2021-02-17 00:00:00-05:00    70.0  10.0        0.0    0   50     0     0    50    13.0        3.0             0.0
17 2021-02-18 00:00:00-05:00    25.0  10.0        0.0    0   45    30    15     0    33.0       23.0             0.0
18 2021-02-19 00:00:00-05:00    39.0  10.0        0.0    0   20     0     0    20    14.0        4.0             0.0
19 2021-02-20 00:00:00-05:00    90.0  10.0        0.0    0  145   100    45     0    69.0       59.0             0.0
20 2021-02-21 00:00:00-05:00    10.0  10.0        0.0    0    0     0     0     0    59.0       49.0             0.0
                  startdate                   enddate  volume  ordered_total  srs_and_mso  aop_and_ss  net_ss
0 2021-02-01 00:00:00+00:00 2021-02-08 00:00:00+00:00    -3.0            345            0       416.0    15.0
1 2021-02-08 00:00:00+00:00 2021-02-15 00:00:00+00:00    -3.0            445            0       470.0     5.0
2 2021-02-15 00:00:00+00:00 2021-02-22 00:00:00+00:00    -3.0            410            0       365.0   -10.0
3 2021-02-22 00:00:00+00:00 2021-03-01 00:00:00+00:00    -3.0            435            0         0.0     0.0
5002@7001
                  startdate                   enddate vendor  rank  volume  soq  srs  mso  buyguide percentage  actual_percentage
0 2021-02-01 00:00:00+00:00 2021-02-08 00:00:00+00:00   6001    -1    -1.0  272    0    0                 65.0          64.150943
4 2021-02-01 00:00:00+00:00 2021-02-08 00:00:00+00:00   6002    -1    -1.0  152    0    0                 35.0          35.849057
1 2021-02-08 00:00:00+00:00 2021-02-15 00:00:00+00:00   6001    -1    -1.0  280    0    0                 65.0          64.814815
5 2021-02-08 00:00:00+00:00 2021-02-15 00:00:00+00:00   6002    -1    -1.0  152    0    0                 35.0          35.185185
2 2021-02-15 00:00:00+00:00 2021-02-22 00:00:00+00:00   6001    -1    -1.0  260    0    0                 65.0          64.356436
6 2021-02-15 00:00:00+00:00 2021-02-22 00:00:00+00:00   6002    -1    -1.0  144    0    0                 35.0          35.643564
3 2021-02-22 00:00:00+00:00 2021-03-01 00:00:00+00:00   6001    -1    -1.0  204    0    0                 65.0          62.195122
7 2021-02-22 00:00:00+00:00 2021-03-01 00:00:00+00:00   6002    -1    -1.0  124    0    0                 35.0          37.804878
                        date  demand    ss  schedrcpt  mso  soq  6001  6002  projoh  projavail  ignored_demand
0  2021-02-01 00:00:00-05:00    13.0  15.0        4.0    0    0     0     0     0.0      -15.0             9.0
1  2021-02-02 00:00:00-05:00    54.0  15.0        0.0    0    0     0     0     0.0      -15.0            54.0
2  2021-02-03 00:00:00-05:00    88.0  15.0        0.0    0  180   116    64    92.0       77.0             0.0
3  2021-02-04 00:00:00-05:00    71.0  15.0        0.0    0    0     0     0    21.0        6.0             0.0
4  2021-02-05 00:00:00-05:00    39.0  15.0        0.0    0  132    84    48   114.0       99.0             0.0
5  2021-02-06 00:00:00-05:00    95.0  15.0        0.0    0    0     0     0    19.0        4.0             0.0
6  2021-02-07 00:00:00-05:00    33.0  15.0        0.0    0  112    72    40    98.0       83.0             0.0
7  2021-02-08 00:00:00-05:00    72.0  20.0        0.0    0  136    88    48   162.0      142.0             0.0
8  2021-02-09 00:00:00-05:00    68.0  20.0        0.0    0    0     0     0    94.0       74.0             0.0
9  2021-02-10 00:00:00-05:00    68.0  20.0        0.0    0    0     0     0    26.0        6.0             0.0
10 2021-02-11 00:00:00-05:00    46.0  20.0        0.0    0  180   116    64   160.0      140.0             0.0
11 2021-02-12 00:00:00-05:00    39.0  20.0        0.0    0    0     0     0   121.0      101.0             0.0
12 2021-02-13 00:00:00-05:00    96.0  20.0        0.0    0    0     0     0    25.0        5.0             0.0
13 2021-02-14 00:00:00-05:00    62.0  20.0        0.0    0  116    76    40    79.0       59.0             0.0
14 2021-02-15 00:00:00-05:00    67.0  10.0        0.0    0   64    40    24    76.0       66.0             0.0
15 2021-02-16 00:00:00-05:00    37.0  10.0        0.0    0    0     0     0    39.0       29.0             0.0
16 2021-02-17 00:00:00-05:00    24.0  10.0        0.0    0    0     0     0    15.0        5.0             0.0
17 2021-02-18 00:00:00-05:00    71.0  10.0        0.0    0  160   104    56   104.0       94.0             0.0
18 2021-02-19 00:00:00-05:00    89.0  10.0        0.0    0    0     0     0    15.0        5.0             0.0
19 2021-02-20 00:00:00-05:00    34.0  10.0        0.0    0  180   116    64   161.0      151.0             0.0
20 2021-02-21 00:00:00-05:00    85.0  10.0        0.0    0    0     0     0    76.0       66.0             0.0
                  startdate                   enddate  volume  ordered_total  srs_and_mso  aop_and_ss  net_ss
0 2021-02-01 00:00:00+00:00 2021-02-08 00:00:00+00:00    -2.0            424            0       408.0    15.0
1 2021-02-08 00:00:00+00:00 2021-02-15 00:00:00+00:00    -2.0            432            0       456.0     5.0
2 2021-02-15 00:00:00+00:00 2021-02-22 00:00:00+00:00    -2.0            404            0       397.0   -10.0
3 2021-02-22 00:00:00+00:00 2021-03-01 00:00:00+00:00    -2.0            328            0         0.0     0.0
