DSI-100.07
5001@7001
                  startdate                   enddate vendor  rank  volume_exact  volume_upto  soq  srs  mso  buyguide percentage  actual_percentage  order_total
0 2021-02-01 00:00:00+00:00 2021-02-08 00:00:00+00:00   6001    -1          -1.0         -1.0  525    0    0                 30.0          58.333333          900
3 2021-02-01 00:00:00+00:00 2021-02-08 00:00:00+00:00   6002    -1          -1.0         -1.0  375    0    0                 30.0          41.666667          900
1 2021-02-08 00:00:00+00:00 2021-02-15 00:00:00+00:00   6001    -1          -1.0         -1.0  475    0    0                 50.0          73.076923          650
4 2021-02-08 00:00:00+00:00 2021-02-15 00:00:00+00:00   6002    -1          -1.0         -1.0  175    0    0                 50.0          26.923077          650
2 2021-02-15 00:00:00+00:00 2021-02-22 00:00:00+00:00   6001    -1          -1.0         -1.0  650    0    0                 30.0          65.000000         1000
5 2021-02-15 00:00:00+00:00 2021-02-22 00:00:00+00:00   6002    -1          -1.0         -1.0  350    0    0                 30.0          35.000000         1000
                        date  demand   ss  avo  schedrcpt  mso  soq  6001  6002  projoh  projavail  ignored_demand  incoming_supply
0  2021-02-01 00:00:00-05:00   100.0  0.0    0          0    0    0     0     0     0.0        0.0           100.0                0
1  2021-02-02 00:00:00-05:00   100.0  0.0    0          0    0    0     0     0     0.0        0.0           100.0                0
2  2021-02-03 00:00:00-05:00   100.0  0.0    0          0    0  400   200   200   300.0      300.0             0.0              400
3  2021-02-04 00:00:00-05:00   100.0  0.0    0          0    0    0     0     0   200.0      200.0             0.0                0
4  2021-02-05 00:00:00-05:00   100.0  0.0    0          0    0  150   150     0   250.0      250.0             0.0              150
5  2021-02-06 00:00:00-05:00   100.0  0.0    0          0    0    0     0     0   150.0      150.0             0.0                0
6  2021-02-07 00:00:00-05:00   100.0  0.0    0          0    0  350   175   175   400.0      400.0             0.0              350
7  2021-02-08 00:00:00-05:00   100.0  0.0    0          0    0    0     0     0   300.0      300.0             0.0                0
8  2021-02-09 00:00:00-05:00   100.0  0.0    0          0    0  150   150     0   350.0      350.0             0.0              150
9  2021-02-10 00:00:00-05:00   100.0  0.0    0          0    0    0     0     0   250.0      250.0             0.0                0
10 2021-02-11 00:00:00-05:00   100.0  0.0    0          0    0  350   175   175   500.0      500.0             0.0              350
11 2021-02-12 00:00:00-05:00   100.0  0.0    0          0    0    0     0     0   400.0      400.0             0.0                0
12 2021-02-13 00:00:00-05:00   100.0  0.0    0          0    0  150   150     0   450.0      450.0             0.0              150
13 2021-02-14 00:00:00-05:00   100.0  0.0    0          0    0    0     0     0   350.0      350.0             0.0                0
14 2021-02-15 00:00:00-05:00   100.0  0.0    0          0    0  350   175   175   600.0      600.0             0.0              350
15 2021-02-16 00:00:00-05:00   100.0  0.0    0          0    0    0     0     0   500.0      500.0             0.0                0
16 2021-02-17 00:00:00-05:00   100.0  0.0    0          0    0  150   150     0   550.0      550.0             0.0              150
17 2021-02-18 00:00:00-05:00   100.0  0.0    0          0    0    0     0     0   450.0      450.0             0.0                0
18 2021-02-19 00:00:00-05:00   100.0  0.0    0          0    0  350   175   175   700.0      700.0             0.0              350
19 2021-02-20 00:00:00-05:00   100.0  0.0    0          0    0    0     0     0   600.0      600.0             0.0                0
20 2021-02-21 00:00:00-05:00   100.0  0.0    0          0    0  150   150     0   650.0      650.0             0.0              150
                  startdate                   enddate  volume_exact  volume_upto  ordered_total  srs_and_mso  aop_and_ss_and_avo  net_ss  ignored_demand
0 2021-02-01 00:00:00+00:00 2021-02-08 00:00:00+00:00          -2.0         -2.0            900            0               700.0     0.0           200.0
1 2021-02-08 00:00:00+00:00 2021-02-15 00:00:00+00:00          -2.0         -2.0            650            0               700.0     0.0           -50.0
2 2021-02-15 00:00:00+00:00 2021-02-22 00:00:00+00:00          -2.0         -2.0           1000            0               700.0     0.0           300.0
5002@7001
   startdate    enddate vendor  rank  volume_exact  volume_upto  soq  srs  mso  buyguide percentage  actual_percentage  order_total
0 2021-02-01 2021-02-02   6001    -1            -1           -1    0    0    0                100.0                  0            0
1 2021-02-02 2021-02-03   6001    -1            -1           -1    0    0    0                100.0                  0            0
                        date  demand   ss  avo  schedrcpt  mso  soq  6001  projoh  projavail  ignored_demand  incoming_supply
0  2021-02-01 00:00:00-05:00   100.0  0.0    0          0    0    0     0     0.0        0.0           100.0                0
1  2021-02-02 00:00:00-05:00   100.0  0.0    0          0    0    0     0     0.0        0.0           100.0                0
2  2021-02-03 00:00:00-05:00   100.0  0.0    0          0    0  400   400   300.0      300.0             0.0              400
3  2021-02-04 00:00:00-05:00   100.0  0.0    0          0    0    0     0   200.0      200.0             0.0                0
4  2021-02-05 00:00:00-05:00   100.0  0.0    0          0    0  400   400   500.0      500.0             0.0              400
5  2021-02-06 00:00:00-05:00   100.0  0.0    0          0    0    0     0   400.0      400.0             0.0                0
6  2021-02-07 00:00:00-05:00   100.0  0.0    0          0    0  400   400   700.0      700.0             0.0              400
7  2021-02-08 00:00:00-05:00   100.0  0.0    0          0    0    0     0   600.0      600.0             0.0                0
8  2021-02-09 00:00:00-05:00   100.0  0.0    0          0    0  400   400   900.0      900.0             0.0              400
9  2021-02-10 00:00:00-05:00   100.0  0.0    0          0    0    0     0   800.0      800.0             0.0                0
10 2021-02-11 00:00:00-05:00   100.0  0.0    0          0    0  400   400  1100.0     1100.0             0.0              400
11 2021-02-12 00:00:00-05:00   100.0  0.0    0          0    0    0     0  1000.0     1000.0             0.0                0
12 2021-02-13 00:00:00-05:00   100.0  0.0    0          0    0  400   400  1300.0     1300.0             0.0              400
13 2021-02-14 00:00:00-05:00   100.0  0.0    0          0    0    0     0  1200.0     1200.0             0.0                0
14 2021-02-15 00:00:00-05:00   100.0  0.0    0          0    0  400   400  1500.0     1500.0             0.0              400
15 2021-02-16 00:00:00-05:00   100.0  0.0    0          0    0    0     0  1400.0     1400.0             0.0                0
16 2021-02-17 00:00:00-05:00   100.0  0.0    0          0    0  400   400  1700.0     1700.0             0.0              400
17 2021-02-18 00:00:00-05:00   100.0  0.0    0          0    0    0     0  1600.0     1600.0             0.0                0
18 2021-02-19 00:00:00-05:00   100.0  0.0    0          0    0  400   400  1900.0     1900.0             0.0              400
19 2021-02-20 00:00:00-05:00   100.0  0.0    0          0    0    0     0  1800.0     1800.0             0.0                0
20 2021-02-21 00:00:00-05:00   100.0  0.0    0          0    0  400   400  2100.0     2100.0             0.0              400
   startdate    enddate  volume_exact  volume_upto  ordered_total  srs_and_mso  aop_and_ss_and_avo  net_ss  ignored_demand
0 2021-02-01 2021-02-02            -1           -1              0            0               100.0     0.0          -100.0
1 2021-02-02 2021-02-03            -1           -1              0            0               100.0     0.0          -100.0
5003@7001
   startdate    enddate vendor  rank  volume_exact  volume_upto  soq  srs  mso  buyguide percentage  actual_percentage  order_total
0 2021-02-01 2021-02-02   6002    -1            -1           -1    0    0    0                100.0                  0            0
1 2021-02-02 2021-02-03   6002    -1            -1           -1    0    0    0                100.0                  0            0
                        date  demand   ss  avo  schedrcpt  mso  soq  6002  projoh  projavail  ignored_demand  incoming_supply
0  2021-02-01 00:00:00-05:00   100.0  0.0    0          0    0    0     0     0.0        0.0           100.0                0
1  2021-02-02 00:00:00-05:00   100.0  0.0    0          0    0    0     0     0.0        0.0           100.0                0
2  2021-02-03 00:00:00-05:00   100.0  0.0    0          0    0  400   400   300.0      300.0             0.0              400
3  2021-02-04 00:00:00-05:00   100.0  0.0    0          0    0    0     0   200.0      200.0             0.0                0
4  2021-02-05 00:00:00-05:00   100.0  0.0    0          0    0    0     0   100.0      100.0             0.0                0
5  2021-02-06 00:00:00-05:00   100.0  0.0    0          0    0    0     0     0.0        0.0             0.0                0
6  2021-02-07 00:00:00-05:00   100.0  0.0    0          0    0  400   400   300.0      300.0             0.0              400
7  2021-02-08 00:00:00-05:00   100.0  0.0    0          0    0    0     0   200.0      200.0             0.0                0
8  2021-02-09 00:00:00-05:00   100.0  0.0    0          0    0    0     0   100.0      100.0             0.0                0
9  2021-02-10 00:00:00-05:00   100.0  0.0    0          0    0    0     0     0.0        0.0             0.0                0
10 2021-02-11 00:00:00-05:00   100.0  0.0    0          0    0  400   400   300.0      300.0             0.0              400
11 2021-02-12 00:00:00-05:00   100.0  0.0    0          0    0    0     0   200.0      200.0             0.0                0
12 2021-02-13 00:00:00-05:00   100.0  0.0    0          0    0    0     0   100.0      100.0             0.0                0
13 2021-02-14 00:00:00-05:00   100.0  0.0    0          0    0    0     0     0.0        0.0             0.0                0
14 2021-02-15 00:00:00-05:00   100.0  0.0    0          0    0  400   400   300.0      300.0             0.0              400
15 2021-02-16 00:00:00-05:00   100.0  0.0    0          0    0    0     0   200.0      200.0             0.0                0
16 2021-02-17 00:00:00-05:00   100.0  0.0    0          0    0    0     0   100.0      100.0             0.0                0
17 2021-02-18 00:00:00-05:00   100.0  0.0    0          0    0    0     0     0.0        0.0             0.0                0
18 2021-02-19 00:00:00-05:00   100.0  0.0    0          0    0  400   400   300.0      300.0             0.0              400
19 2021-02-20 00:00:00-05:00   100.0  0.0    0          0    0    0     0   200.0      200.0             0.0                0
20 2021-02-21 00:00:00-05:00   100.0  0.0    0          0    0    0     0   100.0      100.0             0.0                0
   startdate    enddate  volume_exact  volume_upto  ordered_total  srs_and_mso  aop_and_ss_and_avo  net_ss  ignored_demand
0 2021-02-01 2021-02-02            -1           -1              0            0               100.0     0.0          -100.0
1 2021-02-02 2021-02-03            -1           -1              0            0               100.0     0.0          -100.0
