5001@7001
                   startdate                   enddate vendor  rank  volume  soq  buyguide percentage  actual_percentage
0  2021-02-01 00:00:00+00:00 2021-02-08 00:00:00+00:00   6001    -1    -1.0  112                 30.0          30.026810
4  2021-02-01 00:00:00+00:00 2021-02-08 00:00:00+00:00   6002    -1    -1.0  112                 30.0          30.026810
8  2021-02-01 00:00:00+00:00 2021-02-08 00:00:00+00:00   6003    -1    -1.0  149                 40.0          39.946381
1  2021-02-08 00:00:00+00:00 2021-02-15 00:00:00+00:00   6001    -1    -1.0   67                 25.0          15.952381
5  2021-02-08 00:00:00+00:00 2021-02-15 00:00:00+00:00   6002    -1    -1.0  117                 25.0          27.857143
9  2021-02-08 00:00:00+00:00 2021-02-15 00:00:00+00:00   6003    -1    -1.0  236                 50.0          56.190476
2  2021-02-15 00:00:00+00:00 2021-02-22 00:00:00+00:00   6001    -1    -1.0  177                 50.0          66.792453
6  2021-02-15 00:00:00+00:00 2021-02-22 00:00:00+00:00   6002    -1    -1.0    0                 25.0           0.000000
10 2021-02-15 00:00:00+00:00 2021-02-22 00:00:00+00:00   6003    -1    -1.0   88                 25.0          33.207547
3  2021-02-22 00:00:00+00:00 2021-03-01 00:00:00+00:00   6001    -1    -1.0  242                 50.0          50.000000
7  2021-02-22 00:00:00+00:00 2021-03-01 00:00:00+00:00   6002    -1    -1.0  121                 25.0          25.000000
11 2021-02-22 00:00:00+00:00 2021-03-01 00:00:00+00:00   6003    -1    -1.0  121                 25.0          25.000000
                        date  demand    ss  schedrcpt  soq  6001  6002  6003  projoh  projavail  ignored_demand
0  2021-02-01 00:00:00-05:00    43.0  15.0          0    0     0     0     0     0.0      -15.0            43.0
1  2021-02-02 00:00:00-05:00    57.0  15.0          0   72    22    21    29    15.0        0.0             0.0
2  2021-02-03 00:00:00-05:00    34.0  15.0          0   34    10    11    13    15.0        0.0             0.0
3  2021-02-04 00:00:00-05:00    98.0  15.0          0   98    29    29    40    15.0        0.0             0.0
4  2021-02-05 00:00:00-05:00    54.0  15.0          0   54    16    17    21    15.0        0.0             0.0
5  2021-02-06 00:00:00-05:00    61.0  15.0          0   61    19    18    24    15.0        0.0             0.0
6  2021-02-07 00:00:00-05:00    54.0  15.0          0   54    16    16    22    15.0        0.0             0.0
7  2021-02-08 00:00:00-05:00    74.0  20.0          0   79     0    14    65    20.0        0.0             0.0
8  2021-02-09 00:00:00-05:00    34.0  20.0          0   34     0    16    18    20.0        0.0             0.0
9  2021-02-10 00:00:00-05:00    43.0  20.0          0    0     0     0     0     0.0      -20.0            23.0
10 2021-02-11 00:00:00-05:00   101.0  20.0          0   94    14    34    46     0.0      -20.0             7.0
11 2021-02-12 00:00:00-05:00    63.0  20.0          0   63    16    16    31     0.0      -20.0             0.0
12 2021-02-13 00:00:00-05:00    55.0  20.0          0   55    14    14    27     0.0      -20.0             0.0
13 2021-02-14 00:00:00-05:00    95.0  20.0          0   95    23    23    49     0.0      -20.0             0.0
14 2021-02-15 00:00:00-05:00    72.0  10.0          0   62    41     0    21     0.0      -10.0            10.0
15 2021-02-16 00:00:00-05:00    69.0  10.0          0    0     0     0     0     0.0      -10.0            69.0
16 2021-02-17 00:00:00-05:00    70.0  10.0          0   39    26     0    13     0.0      -10.0            31.0
17 2021-02-18 00:00:00-05:00    25.0  10.0          0   25    17     0     8     0.0      -10.0             0.0
18 2021-02-19 00:00:00-05:00    39.0  10.0          0   39    26     0    13     0.0      -10.0             0.0
19 2021-02-20 00:00:00-05:00    90.0  10.0          0   90    60     0    30     0.0      -10.0             0.0
20 2021-02-21 00:00:00-05:00    10.0  10.0          0   10     7     0     3     0.0      -10.0             0.0
21 2021-02-22 00:00:00-05:00    68.0  25.0          0   83    41    21    21    15.0      -10.0             0.0
22 2021-02-23 00:00:00-05:00    62.0  25.0          0   62    31    15    16    15.0      -10.0             0.0
23 2021-02-24 00:00:00-05:00    96.0  25.0          0   96    48    16    32    15.0      -10.0             0.0
24 2021-02-25 00:00:00-05:00    94.0  25.0          0   94     5    53    36    15.0      -10.0             0.0
25 2021-02-26 00:00:00-05:00    50.0  25.0          0   50    50     0     0    15.0      -10.0             0.0
26 2021-02-27 00:00:00-05:00    59.0  25.0          0   59    47     6     6    15.0      -10.0             0.0
27 2021-02-28 00:00:00-05:00    65.0  25.0          0   40    20    10    10     0.0      -25.0            10.0
28 2021-03-01 00:00:00-05:00     0.0  35.0          0    1     0     0     1     1.0      -34.0             0.0
29 2021-03-02 00:00:00-05:00     0.0  35.0          0    1     0     0     1     2.0      -33.0             0.0
30 2021-03-03 00:00:00-05:00     0.0  35.0          0    1     0     0     1     3.0      -32.0             0.0
31 2021-03-04 00:00:00-05:00     0.0  35.0          0    1     0     0     1     4.0      -31.0             0.0
32 2021-03-05 00:00:00-05:00     0.0  35.0          0    1     0     0     1     5.0      -30.0             0.0
33 2021-03-06 00:00:00-05:00     0.0  35.0          0    1     0     0     1     6.0      -29.0             0.0
34 2021-03-07 00:00:00-05:00     0.0  35.0          0    1     0     0     1     7.0      -28.0             0.0
35 2021-03-08 00:00:00-05:00     0.0   0.0          0    0     0     0     0     7.0        7.0             0.0
36 2021-03-09 00:00:00-05:00     0.0   0.0          0    0     0     0     0     7.0        7.0             0.0
37 2021-03-10 00:00:00-05:00     0.0   0.0          0    0     0     0     0     7.0        7.0             0.0
38 2021-03-11 00:00:00-05:00     0.0   0.0          0    0     0     0     0     7.0        7.0             0.0
39 2021-03-12 00:00:00-05:00     0.0   0.0          0    0     0     0     0     7.0        7.0             0.0
40 2021-03-13 00:00:00-05:00     0.0   0.0          0    0     0     0     0     7.0        7.0             0.0
41 2021-03-14 00:00:00-05:00     0.0   0.0          0    0     0     0     0     7.0        7.0             0.0
                  startdate                   enddate  volume  ordered_total  aop_and_ss  net_ss
0 2021-02-01 00:00:00+00:00 2021-02-08 00:00:00+00:00    -3.0            373       416.0    15.0
1 2021-02-08 00:00:00+00:00 2021-02-15 00:00:00+00:00    -3.0            420       485.0    20.0
2 2021-02-15 00:00:00+00:00 2021-02-22 00:00:00+00:00    -3.0            265       385.0    10.0
3 2021-02-22 00:00:00+00:00 2021-03-01 00:00:00+00:00    -3.0            484       519.0    25.0
5002@7001
                  startdate                   enddate vendor  rank  volume  soq  buyguide percentage  actual_percentage
0 2021-02-01 00:00:00+00:00 2021-02-08 00:00:00+00:00   6001    -1    -1.0  239                 65.0          81.016949
4 2021-02-01 00:00:00+00:00 2021-02-08 00:00:00+00:00   6002    -1    -1.0   56                 35.0          18.983051
1 2021-02-08 00:00:00+00:00 2021-02-15 00:00:00+00:00   6001    -1    -1.0  271                 65.0          68.781726
5 2021-02-08 00:00:00+00:00 2021-02-15 00:00:00+00:00   6002    -1    -1.0  123                 35.0          31.218274
2 2021-02-15 00:00:00+00:00 2021-02-22 00:00:00+00:00   6001    -1    -1.0  233                 65.0          64.902507
6 2021-02-15 00:00:00+00:00 2021-02-22 00:00:00+00:00   6002    -1    -1.0  126                 35.0          35.097493
3 2021-02-22 00:00:00+00:00 2021-03-01 00:00:00+00:00   6001    -1    -1.0  245                 65.0          64.986737
7 2021-02-22 00:00:00+00:00 2021-03-01 00:00:00+00:00   6002    -1    -1.0  132                 35.0          35.013263
                        date  demand    ss  schedrcpt  soq  6001  6002  projoh  projavail  ignored_demand
0  2021-02-01 00:00:00-05:00    13.0  15.0          0    0     0     0     0.0      -15.0            13.0
1  2021-02-02 00:00:00-05:00    54.0  15.0          0   69    69     0    15.0        0.0             0.0
2  2021-02-03 00:00:00-05:00    88.0  15.0          0    0     0     0     0.0      -15.0            73.0
3  2021-02-04 00:00:00-05:00    71.0  15.0          0   59    59     0     0.0      -15.0            12.0
4  2021-02-05 00:00:00-05:00    39.0  15.0          0   39    28    11     0.0      -15.0             0.0
5  2021-02-06 00:00:00-05:00    95.0  15.0          0   95    62    33     0.0      -15.0             0.0
6  2021-02-07 00:00:00-05:00    33.0  15.0          0   33    21    12     0.0      -15.0             0.0
7  2021-02-08 00:00:00-05:00    72.0  20.0          0   77    65    12     5.0      -15.0             0.0
8  2021-02-09 00:00:00-05:00    68.0  20.0          0   68    44    24     5.0      -15.0             0.0
9  2021-02-10 00:00:00-05:00    68.0  20.0          0   68    44    24     5.0      -15.0             0.0
10 2021-02-11 00:00:00-05:00    46.0  20.0          0   46    30    16     5.0      -15.0             0.0
11 2021-02-12 00:00:00-05:00    39.0  20.0          0   39    26    13     5.0      -15.0             0.0
12 2021-02-13 00:00:00-05:00    96.0  20.0          0   96    62    34     5.0      -15.0             0.0
13 2021-02-14 00:00:00-05:00    62.0  20.0          0    0     0     0     0.0      -20.0            57.0
14 2021-02-15 00:00:00-05:00    67.0  10.0          0   19    12     7     0.0      -10.0            48.0
15 2021-02-16 00:00:00-05:00    37.0  10.0          0   37    24    13     0.0      -10.0             0.0
16 2021-02-17 00:00:00-05:00    24.0  10.0          0   24    16     8     0.0      -10.0             0.0
17 2021-02-18 00:00:00-05:00    71.0  10.0          0   71    46    25     0.0      -10.0             0.0
18 2021-02-19 00:00:00-05:00    89.0  10.0          0   89    58    31     0.0      -10.0             0.0
19 2021-02-20 00:00:00-05:00    34.0  10.0          0   34    22    12     0.0      -10.0             0.0
20 2021-02-21 00:00:00-05:00    85.0  10.0          0   85    55    30     0.0      -10.0             0.0
21 2021-02-22 00:00:00-05:00    47.0  25.0          0   62    40    22    15.0      -10.0             0.0
22 2021-02-23 00:00:00-05:00    24.0  25.0          0   24    16     8    15.0      -10.0             0.0
23 2021-02-24 00:00:00-05:00    97.0  25.0          0   97    63    34    15.0      -10.0             0.0
24 2021-02-25 00:00:00-05:00    70.0  25.0          0   70    45    25    15.0      -10.0             0.0
25 2021-02-26 00:00:00-05:00    28.0  25.0          0   28    19     9    15.0      -10.0             0.0
26 2021-02-27 00:00:00-05:00    64.0  25.0          0   64    41    23    15.0      -10.0             0.0
27 2021-02-28 00:00:00-05:00    57.0  25.0          0   32    21    11     0.0      -25.0            10.0
28 2021-03-01 00:00:00-05:00     0.0  35.0          0    1     0     1     1.0      -34.0             0.0
29 2021-03-02 00:00:00-05:00     0.0  35.0          0    1     0     1     2.0      -33.0             0.0
30 2021-03-03 00:00:00-05:00     0.0  35.0          0    1     0     1     3.0      -32.0             0.0
31 2021-03-04 00:00:00-05:00     0.0  35.0          0    1     0     1     4.0      -31.0             0.0
32 2021-03-05 00:00:00-05:00     0.0  35.0          0    1     0     1     5.0      -30.0             0.0
33 2021-03-06 00:00:00-05:00     0.0  35.0          0    1     0     1     6.0      -29.0             0.0
34 2021-03-07 00:00:00-05:00     0.0  35.0          0    1     0     1     7.0      -28.0             0.0
35 2021-03-08 00:00:00-05:00     0.0   0.0          0    0     0     0     7.0        7.0             0.0
36 2021-03-09 00:00:00-05:00     0.0   0.0          0    0     0     0     7.0        7.0             0.0
37 2021-03-10 00:00:00-05:00     0.0   0.0          0    0     0     0     7.0        7.0             0.0
38 2021-03-11 00:00:00-05:00     0.0   0.0          0    0     0     0     7.0        7.0             0.0
39 2021-03-12 00:00:00-05:00     0.0   0.0          0    0     0     0     7.0        7.0             0.0
40 2021-03-13 00:00:00-05:00     0.0   0.0          0    0     0     0     7.0        7.0             0.0
41 2021-03-14 00:00:00-05:00     0.0   0.0          0    0     0     0     7.0        7.0             0.0
                  startdate                   enddate  volume  ordered_total  aop_and_ss  net_ss
0 2021-02-01 00:00:00+00:00 2021-02-08 00:00:00+00:00    -2.0            295       408.0    15.0
1 2021-02-08 00:00:00+00:00 2021-02-15 00:00:00+00:00    -2.0            394       471.0    20.0
2 2021-02-15 00:00:00+00:00 2021-02-22 00:00:00+00:00    -2.0            359       417.0    10.0
3 2021-02-22 00:00:00+00:00 2021-03-01 00:00:00+00:00    -2.0            377       412.0    25.0
