SRS_50253



5001@7001
                   startdate                   enddate vendor  rank  volume_exact  volume_upto  soq   srs  mso  buyguide percentage  actual_percentage  order_total
0  2021-02-01 00:00:00+00:00 2021-02-08 00:00:00+00:00   6001     1         100.0         -1.0   10  90.0    0                 -1.0          36.363636        275.0
4  2021-02-01 00:00:00+00:00 2021-02-08 00:00:00+00:00   6002     2         100.0         -1.0  100   0.0    0                 -1.0          36.363636        275.0
8  2021-02-01 00:00:00+00:00 2021-02-08 00:00:00+00:00   6003     3         100.0         -1.0   75   0.0    0                 -1.0          27.272727        275.0
1  2021-02-08 00:00:00+00:00 2021-02-15 00:00:00+00:00   6001     1         100.0         -1.0  100   0.0    0                 -1.0          21.505376        465.0
5  2021-02-08 00:00:00+00:00 2021-02-15 00:00:00+00:00   6002     2         100.0         -1.0  100   0.0    0                 -1.0          21.505376        465.0
9  2021-02-08 00:00:00+00:00 2021-02-15 00:00:00+00:00   6003     3         265.0         -1.0  265   0.0    0                 -1.0          56.989247        465.0
2  2021-02-15 00:00:00+00:00 2021-02-22 00:00:00+00:00   6001     1         100.0         -1.0  100   0.0    0                 -1.0          27.027027        370.0
6  2021-02-15 00:00:00+00:00 2021-02-22 00:00:00+00:00   6002     2         100.0         -1.0  100   0.0    0                 -1.0          27.027027        370.0
10 2021-02-15 00:00:00+00:00 2021-02-22 00:00:00+00:00   6003     3         175.0         -1.0  170   0.0    0                 -1.0          45.945946        370.0
3  2021-02-22 00:00:00+00:00 2021-03-01 00:00:00+00:00   6001     1         100.0         -1.0  100   0.0    0                 -1.0          20.833333        480.0
7  2021-02-22 00:00:00+00:00 2021-03-01 00:00:00+00:00   6002     2         100.0         -1.0  100   0.0    0                 -1.0          20.833333        480.0
11 2021-02-22 00:00:00+00:00 2021-03-01 00:00:00+00:00   6003     3         295.0         -1.0  280   0.0    0                 -1.0          58.333333        480.0
                        date  demand    ss  avo  schedrcpt  mso  soq  6001  6002  6003  projoh  projavail  ignored_demand  incoming_supply
0  2021-02-03 00:00:00-05:00    34.0  15.0    0       90.0    0    0     0     0     0    56.0       41.0             0.0                0
1  2021-02-04 00:00:00-05:00    98.0  15.0    0        0.0    0    0     0     0     0     0.0      -15.0            42.0                0
2  2021-02-05 00:00:00-05:00    54.0  15.0    0        0.0    0   70    10    60     0    16.0        1.0             0.0               70
3  2021-02-06 00:00:00-05:00    61.0  15.0    0        0.0    0   60     0    40    20    15.0        0.0             0.0               60
4  2021-02-07 00:00:00-05:00    54.0  15.0    0        0.0    0   55     0     0    55    16.0        1.0             0.0               55
5  2021-02-08 00:00:00-05:00    74.0  20.0    0        0.0    0   80    80     0     0    22.0        2.0             0.0               80
6  2021-02-09 00:00:00-05:00    34.0  20.0    0        0.0    0   35    20    15     0    23.0        3.0             0.0               35
7  2021-02-10 00:00:00-05:00    43.0  20.0    0        0.0    0   40     0    40     0    20.0        0.0             0.0               40
8  2021-02-11 00:00:00-05:00   101.0  20.0    0        0.0    0  105     0    45    60    24.0        4.0             0.0              105
9  2021-02-12 00:00:00-05:00    63.0  20.0    0        0.0    0   60     0     0    60    21.0        1.0             0.0               60
10 2021-02-13 00:00:00-05:00    55.0  20.0    0        0.0    0   55     0     0    55    21.0        1.0             0.0               55
11 2021-02-14 00:00:00-05:00    95.0  20.0    0        0.0    0   90     0     0    90    16.0       -4.0             0.0               90
12 2021-02-15 00:00:00-05:00    72.0  10.0    0        0.0    0   70    70     0     0    14.0        4.0             0.0               70
13 2021-02-16 00:00:00-05:00    69.0  10.0    0        0.0    0   65    30    35     0    10.0        0.0             0.0               65
14 2021-02-17 00:00:00-05:00    70.0  10.0    0        0.0    0   70     0    65     5    10.0        0.0             0.0               70
15 2021-02-18 00:00:00-05:00    25.0  10.0    0        0.0    0   25     0     0    25    10.0        0.0             0.0               25
16 2021-02-19 00:00:00-05:00    39.0  10.0    0        0.0    0   40     0     0    40    11.0        1.0             0.0               40
17 2021-02-20 00:00:00-05:00    90.0  10.0    0        0.0    0  100     0     0   100    21.0       11.0             0.0              100
18 2021-02-21 00:00:00-05:00    10.0  10.0    0        0.0    0    0     0     0     0    11.0        1.0             0.0                0
19 2021-02-22 00:00:00-05:00    68.0  25.0    0        0.0    0   85    85     0     0    28.0        3.0             0.0               85
20 2021-02-23 00:00:00-05:00    62.0  25.0    0        0.0    0   60    15    45     0    26.0        1.0             0.0               60
                  startdate                   enddate  volume_exact  volume_upto  ordered_total  srs_and_mso  aop_and_ss_and_avo  net_ss  ignored_demand
0 2021-02-01 00:00:00+00:00 2021-02-08 00:00:00+00:00         300.0         -3.0            185         90.0               316.0    15.0           -41.0
1 2021-02-08 00:00:00+00:00 2021-02-15 00:00:00+00:00         465.0         -3.0            465          0.0               470.0     5.0            -5.0
2 2021-02-15 00:00:00+00:00 2021-02-22 00:00:00+00:00         375.0         -3.0            370          0.0               365.0   -10.0             5.0
3 2021-02-22 00:00:00+00:00 2021-03-01 00:00:00+00:00         495.0         -3.0            480          0.0               145.0    15.0           335.0
5002@7001
                  startdate                   enddate vendor  rank  volume_exact  volume_upto  soq  srs  mso  buyguide percentage  actual_percentage  order_total
0 2021-02-01 00:00:00+00:00 2021-02-08 00:00:00+00:00   6001     1         200.0         -1.0  184    0    0                 -1.0         100.000000          184
4 2021-02-01 00:00:00+00:00 2021-02-08 00:00:00+00:00   6002     2         200.0         -1.0    0    0    0                 -1.0           0.000000          184
1 2021-02-08 00:00:00+00:00 2021-02-15 00:00:00+00:00   6001     1         200.0         -1.0  200    0    0                 -1.0          44.642857          448
5 2021-02-08 00:00:00+00:00 2021-02-15 00:00:00+00:00   6002     2         250.0         -1.0  248    0    0                 -1.0          55.357143          448
2 2021-02-15 00:00:00+00:00 2021-02-22 00:00:00+00:00   6001     1         200.0         -1.0  200    0    0                 -1.0          49.504950          404
6 2021-02-15 00:00:00+00:00 2021-02-22 00:00:00+00:00   6002     2         210.0         -1.0  204    0    0                 -1.0          50.495050          404
3 2021-02-22 00:00:00+00:00 2021-03-01 00:00:00+00:00   6001     1         200.0         -1.0  200    0    0                 -1.0          53.191489          376
7 2021-02-22 00:00:00+00:00 2021-03-01 00:00:00+00:00   6002     2         200.0         -1.0  176    0    0                 -1.0          46.808511          376
                        date  demand    ss  avo  schedrcpt  mso  soq  6001  6002  projoh  projavail  ignored_demand  incoming_supply
0  2021-02-03 00:00:00-05:00    88.0  15.0    0          0    0    0     0     0     0.0      -15.0            88.0                0
1  2021-02-04 00:00:00-05:00    71.0  15.0    0          0    0    0     0     0     0.0      -15.0            71.0                0
2  2021-02-05 00:00:00-05:00    39.0  15.0    0          0    0   56    56     0    17.0        2.0             0.0               56
3  2021-02-06 00:00:00-05:00    95.0  15.0    0          0    0  100   100     0    22.0        7.0             0.0              100
4  2021-02-07 00:00:00-05:00    33.0  15.0    0          0    0   28    28     0    17.0        2.0             0.0               28
5  2021-02-08 00:00:00-05:00    72.0  20.0    0          0    0   76    76     0    21.0        1.0             0.0               76
6  2021-02-09 00:00:00-05:00    68.0  20.0    0          0    0   68    68     0    21.0        1.0             0.0               68
7  2021-02-10 00:00:00-05:00    68.0  20.0    0          0    0   68    56    12    21.0        1.0             0.0               68
8  2021-02-11 00:00:00-05:00    46.0  20.0    0          0    0   48     0    48    23.0        3.0             0.0               48
9  2021-02-12 00:00:00-05:00    39.0  20.0    0          0    0   36     0    36    20.0        0.0             0.0               36
10 2021-02-13 00:00:00-05:00    96.0  20.0    0          0    0  100     0   100    24.0        4.0             0.0              100
11 2021-02-14 00:00:00-05:00    62.0  20.0    0          0    0   52     0    52    14.0       -6.0             0.0               52
12 2021-02-15 00:00:00-05:00    67.0  10.0    0          0    0   64    64     0    11.0        1.0             0.0               64
13 2021-02-16 00:00:00-05:00    37.0  10.0    0          0    0   36    36     0    10.0        0.0             0.0               36
14 2021-02-17 00:00:00-05:00    24.0  10.0    0          0    0   24    24     0    10.0        0.0             0.0               24
15 2021-02-18 00:00:00-05:00    71.0  10.0    0          0    0   72    72     0    11.0        1.0             0.0               72
16 2021-02-19 00:00:00-05:00    89.0  10.0    0          0    0   88     4    84    10.0        0.0             0.0               88
17 2021-02-20 00:00:00-05:00    34.0  10.0    0          0    0   36     0    36    12.0        2.0             0.0               36
18 2021-02-21 00:00:00-05:00    85.0  10.0    0          0    0   84     0    84    11.0        1.0             0.0               84
19 2021-02-22 00:00:00-05:00    47.0  25.0    0          0    0   64    64     0    28.0        3.0             0.0               64
20 2021-02-23 00:00:00-05:00    24.0  25.0    0          0    0   24    24     0    28.0        3.0             0.0               24
                  startdate                   enddate  volume_exact  volume_upto  ordered_total  srs_and_mso  aop_and_ss_and_avo  net_ss  ignored_demand
0 2021-02-01 00:00:00+00:00 2021-02-08 00:00:00+00:00         400.0         -2.0            184            0               341.0    15.0          -157.0
1 2021-02-08 00:00:00+00:00 2021-02-15 00:00:00+00:00         450.0         -2.0            448            0               456.0     5.0            -8.0
2 2021-02-15 00:00:00+00:00 2021-02-22 00:00:00+00:00         410.0         -2.0            404            0               397.0   -10.0             7.0
3 2021-02-22 00:00:00+00:00 2021-03-01 00:00:00+00:00         400.0         -2.0            376            0                86.0    15.0           290.0
