DSI-100.10
5001@7001
                  startdate                   enddate vendor  rank  volume_exact  volume_upto  soq  srs  mso  buyguide percentage  actual_percentage  order_total
0 2021-02-01 00:00:00+00:00 2021-02-08 00:00:00+00:00   6001    -1          -1.0         -1.0  294    0    0                 30.0          54.545455          539
3 2021-02-01 00:00:00+00:00 2021-02-08 00:00:00+00:00   6002    -1          -1.0         -1.0  245    0    0                 30.0          45.454545          539
1 2021-02-08 00:00:00+00:00 2021-02-15 00:00:00+00:00   6001    -1          -1.0         -1.0  343    0    0                 50.0          50.000000          686
4 2021-02-08 00:00:00+00:00 2021-02-15 00:00:00+00:00   6002    -1          -1.0         -1.0  343    0    0                 50.0          50.000000          686
2 2021-02-15 00:00:00+00:00 2021-02-22 00:00:00+00:00   6001    -1          -1.0         -1.0  343    0    0                 30.0          50.000000          686
5 2021-02-15 00:00:00+00:00 2021-02-22 00:00:00+00:00   6002    -1          -1.0         -1.0  343    0    0                 30.0          50.000000          686
                        date  demand   ss  avo  schedrcpt  mso  soq  6001  6002  projoh  projavail  ignored_demand  incoming_supply
0  2021-02-01 00:00:00-05:00   100.0  0.0    0          0    0    0     0     0     0.0        0.0           100.0                0
1  2021-02-02 00:00:00-05:00   100.0  0.0    0          0    0    0     0     0     0.0        0.0           100.0                0
2  2021-02-03 00:00:00-05:00   100.0  0.0    0          0    0  147    98    49    47.0       47.0             0.0              147
3  2021-02-04 00:00:00-05:00   100.0  0.0    0          0    0   98    49    49    45.0       45.0             0.0               98
4  2021-02-05 00:00:00-05:00   100.0  0.0    0          0    0   98    49    49    43.0       43.0             0.0               98
5  2021-02-06 00:00:00-05:00   100.0  0.0    0          0    0   98    49    49    41.0       41.0             0.0               98
6  2021-02-07 00:00:00-05:00   100.0  0.0    0          0    0   98    49    49    39.0       39.0             0.0               98
7  2021-02-08 00:00:00-05:00   100.0  0.0    0          0    0   98    49    49    37.0       37.0             0.0               98
8  2021-02-09 00:00:00-05:00   100.0  0.0    0          0    0   98    49    49    35.0       35.0             0.0               98
9  2021-02-10 00:00:00-05:00   100.0  0.0    0          0    0   98    49    49    33.0       33.0             0.0               98
10 2021-02-11 00:00:00-05:00   100.0  0.0    0          0    0   98    49    49    31.0       31.0             0.0               98
11 2021-02-12 00:00:00-05:00   100.0  0.0    0          0    0   98    49    49    29.0       29.0             0.0               98
12 2021-02-13 00:00:00-05:00   100.0  0.0    0          0    0   98    49    49    27.0       27.0             0.0               98
13 2021-02-14 00:00:00-05:00   100.0  0.0    0          0    0   98    49    49    25.0       25.0             0.0               98
14 2021-02-15 00:00:00-05:00   100.0  0.0    0          0    0   98    49    49    23.0       23.0             0.0               98
15 2021-02-16 00:00:00-05:00   100.0  0.0    0          0    0   98    49    49    21.0       21.0             0.0               98
16 2021-02-17 00:00:00-05:00   100.0  0.0    0          0    0   98    49    49    19.0       19.0             0.0               98
17 2021-02-18 00:00:00-05:00   100.0  0.0    0          0    0   98    49    49    17.0       17.0             0.0               98
18 2021-02-19 00:00:00-05:00   100.0  0.0    0          0    0   98    49    49    15.0       15.0             0.0               98
19 2021-02-20 00:00:00-05:00   100.0  0.0    0          0    0   98    49    49    13.0       13.0             0.0               98
20 2021-02-21 00:00:00-05:00   100.0  0.0    0          0    0   98    49    49    11.0       11.0             0.0               98
                  startdate                   enddate  volume_exact  volume_upto  ordered_total  srs_and_mso  aop_and_ss_and_avo  net_ss  ignored_demand
0 2021-02-01 00:00:00+00:00 2021-02-08 00:00:00+00:00          -2.0         -2.0            539            0               700.0     0.0          -161.0
1 2021-02-08 00:00:00+00:00 2021-02-15 00:00:00+00:00          -2.0         -2.0            686            0               700.0     0.0           -14.0
2 2021-02-15 00:00:00+00:00 2021-02-22 00:00:00+00:00          -2.0         -2.0            686            0               700.0     0.0           -14.0
5002@7001
   startdate    enddate vendor  rank  volume_exact  volume_upto  soq  srs  mso  buyguide percentage  actual_percentage  order_total
0 2021-02-01 2021-02-02   6001    -1            -1           -1    0    0    0                100.0                  0            0
1 2021-02-02 2021-02-03   6001    -1            -1           -1    0    0    0                100.0                  0            0
                        date  demand   ss  avo  schedrcpt  mso  soq  6001  projoh  projavail  ignored_demand  incoming_supply
0  2021-02-01 00:00:00-05:00   100.0  0.0    0          0    0    0     0     0.0        0.0           100.0                0
1  2021-02-02 00:00:00-05:00   100.0  0.0    0          0    0    0     0     0.0        0.0           100.0                0
2  2021-02-03 00:00:00-05:00   100.0  0.0    0          0    0  198   198    98.0       98.0             0.0              198
3  2021-02-04 00:00:00-05:00   100.0  0.0    0          0    0   99    99    97.0       97.0             0.0               99
4  2021-02-05 00:00:00-05:00   100.0  0.0    0          0    0   99    99    96.0       96.0             0.0               99
5  2021-02-06 00:00:00-05:00   100.0  0.0    0          0    0   99    99    95.0       95.0             0.0               99
6  2021-02-07 00:00:00-05:00   100.0  0.0    0          0    0   99    99    94.0       94.0             0.0               99
7  2021-02-08 00:00:00-05:00   100.0  0.0    0          0    0   99    99    93.0       93.0             0.0               99
8  2021-02-09 00:00:00-05:00   100.0  0.0    0          0    0   99    99    92.0       92.0             0.0               99
9  2021-02-10 00:00:00-05:00   100.0  0.0    0          0    0   99    99    91.0       91.0             0.0               99
10 2021-02-11 00:00:00-05:00   100.0  0.0    0          0    0   99    99    90.0       90.0             0.0               99
11 2021-02-12 00:00:00-05:00   100.0  0.0    0          0    0   99    99    89.0       89.0             0.0               99
12 2021-02-13 00:00:00-05:00   100.0  0.0    0          0    0   99    99    88.0       88.0             0.0               99
13 2021-02-14 00:00:00-05:00   100.0  0.0    0          0    0   99    99    87.0       87.0             0.0               99
14 2021-02-15 00:00:00-05:00   100.0  0.0    0          0    0   99    99    86.0       86.0             0.0               99
15 2021-02-16 00:00:00-05:00   100.0  0.0    0          0    0   99    99    85.0       85.0             0.0               99
16 2021-02-17 00:00:00-05:00   100.0  0.0    0          0    0   99    99    84.0       84.0             0.0               99
17 2021-02-18 00:00:00-05:00   100.0  0.0    0          0    0   99    99    83.0       83.0             0.0               99
18 2021-02-19 00:00:00-05:00   100.0  0.0    0          0    0   99    99    82.0       82.0             0.0               99
19 2021-02-20 00:00:00-05:00   100.0  0.0    0          0    0   99    99    81.0       81.0             0.0               99
20 2021-02-21 00:00:00-05:00   100.0  0.0    0          0    0   99    99    80.0       80.0             0.0               99
   startdate    enddate  volume_exact  volume_upto  ordered_total  srs_and_mso  aop_and_ss_and_avo  net_ss  ignored_demand
0 2021-02-01 2021-02-02            -1           -1              0            0               100.0     0.0          -100.0
1 2021-02-02 2021-02-03            -1           -1              0            0               100.0     0.0          -100.0
5003@7001
   startdate    enddate vendor  rank  volume_exact  volume_upto  soq  srs  mso  buyguide percentage  actual_percentage  order_total
0 2021-02-01 2021-02-02   6002    -1            -1           -1    0    0    0                100.0                  0            0
1 2021-02-02 2021-02-03   6002    -1            -1           -1    0    0    0                100.0                  0            0
                        date  demand   ss  avo  schedrcpt  mso  soq  6002  projoh  projavail  ignored_demand  incoming_supply
0  2021-02-01 00:00:00-05:00   100.0  0.0    0          0    0    0     0     0.0        0.0           100.0                0
1  2021-02-02 00:00:00-05:00   100.0  0.0    0          0    0    0     0     0.0        0.0           100.0                0
2  2021-02-03 00:00:00-05:00   100.0  0.0    0          0    0  198   198    98.0       98.0             0.0              198
3  2021-02-04 00:00:00-05:00   100.0  0.0    0          0    0   99    99    97.0       97.0             0.0               99
4  2021-02-05 00:00:00-05:00   100.0  0.0    0          0    0   99    99    96.0       96.0             0.0               99
5  2021-02-06 00:00:00-05:00   100.0  0.0    0          0    0   99    99    95.0       95.0             0.0               99
6  2021-02-07 00:00:00-05:00   100.0  0.0    0          0    0   99    99    94.0       94.0             0.0               99
7  2021-02-08 00:00:00-05:00   100.0  0.0    0          0    0   99    99    93.0       93.0             0.0               99
8  2021-02-09 00:00:00-05:00   100.0  0.0    0          0    0   99    99    92.0       92.0             0.0               99
9  2021-02-10 00:00:00-05:00   100.0  0.0    0          0    0   99    99    91.0       91.0             0.0               99
10 2021-02-11 00:00:00-05:00   100.0  0.0    0          0    0   99    99    90.0       90.0             0.0               99
11 2021-02-12 00:00:00-05:00   100.0  0.0    0          0    0   99    99    89.0       89.0             0.0               99
12 2021-02-13 00:00:00-05:00   100.0  0.0    0          0    0   99    99    88.0       88.0             0.0               99
13 2021-02-14 00:00:00-05:00   100.0  0.0    0          0    0   99    99    87.0       87.0             0.0               99
14 2021-02-15 00:00:00-05:00   100.0  0.0    0          0    0   99    99    86.0       86.0             0.0               99
15 2021-02-16 00:00:00-05:00   100.0  0.0    0          0    0   99    99    85.0       85.0             0.0               99
16 2021-02-17 00:00:00-05:00   100.0  0.0    0          0    0   99    99    84.0       84.0             0.0               99
17 2021-02-18 00:00:00-05:00   100.0  0.0    0          0    0   99    99    83.0       83.0             0.0               99
18 2021-02-19 00:00:00-05:00   100.0  0.0    0          0    0   99    99    82.0       82.0             0.0               99
19 2021-02-20 00:00:00-05:00   100.0  0.0    0          0    0   99    99    81.0       81.0             0.0               99
20 2021-02-21 00:00:00-05:00   100.0  0.0    0          0    0   99    99    80.0       80.0             0.0               99
   startdate    enddate  volume_exact  volume_upto  ordered_total  srs_and_mso  aop_and_ss_and_avo  net_ss  ignored_demand
0 2021-02-01 2021-02-02            -1           -1              0            0               100.0     0.0          -100.0
1 2021-02-02 2021-02-03            -1           -1              0            0               100.0     0.0          -100.0
