5001@7001
                   startdate                   enddate vendor  rank  volume  soq  srs  mso  buyguide percentage  actual_percentage
0  2021-02-01 00:00:00+00:00 2021-02-08 00:00:00+00:00   6001    -1    -1.0   45    0    0                 30.0          12.000000
4  2021-02-01 00:00:00+00:00 2021-02-08 00:00:00+00:00   6002    -1    -1.0   45    0    0                 30.0          12.000000
8  2021-02-01 00:00:00+00:00 2021-02-08 00:00:00+00:00   6003    -1    -1.0  285    0    0                 40.0          76.000000
1  2021-02-08 00:00:00+00:00 2021-02-15 00:00:00+00:00   6001    -1    -1.0   55    0    0                 25.0          11.956522
5  2021-02-08 00:00:00+00:00 2021-02-15 00:00:00+00:00   6002    -1    -1.0   55    0    0                 25.0          11.956522
9  2021-02-08 00:00:00+00:00 2021-02-15 00:00:00+00:00   6003    -1    -1.0  350    0    0                 50.0          76.086957
2  2021-02-15 00:00:00+00:00 2021-02-22 00:00:00+00:00   6001    -1    -1.0   70    0    0                 50.0          18.918919
6  2021-02-15 00:00:00+00:00 2021-02-22 00:00:00+00:00   6002    -1    -1.0   40    0    0                 25.0          10.810811
10 2021-02-15 00:00:00+00:00 2021-02-22 00:00:00+00:00   6003    -1    -1.0  260    0    0                 25.0          70.270270
3  2021-02-22 00:00:00+00:00 2021-03-01 00:00:00+00:00   6001    -1    -1.0  110    0    0                 50.0          25.581395
7  2021-02-22 00:00:00+00:00 2021-03-01 00:00:00+00:00   6002    -1    -1.0   45    0    0                 25.0          10.465116
11 2021-02-22 00:00:00+00:00 2021-03-01 00:00:00+00:00   6003    -1    -1.0  275    0    0                 25.0          63.953488
                        date  demand    ss  schedrcpt  mso  soq  6001  6002  6003  projoh  projavail  ignored_demand
0  2021-02-01 00:00:00-05:00    86.0  30.0        8.0    0    0     0     0     0     0.0      -30.0            78.0
1  2021-02-02 00:00:00-05:00   114.0  30.0        0.0    0    0     0     0     0     0.0      -30.0           114.0
2  2021-02-03 00:00:00-05:00    68.0  30.0        0.0    0  130    15    15   100    62.0       32.0             0.0
3  2021-02-04 00:00:00-05:00   196.0  30.0        0.0    0   20     5     5    10     0.0      -30.0           114.0
4  2021-02-05 00:00:00-05:00   108.0  30.0        0.0    0   95    15    15    65     0.0      -30.0            13.0
5  2021-02-06 00:00:00-05:00   122.0  30.0        0.0    0   55     5     5    45     0.0      -30.0            67.0
6  2021-02-07 00:00:00-05:00   108.0  30.0        0.0    0   75     5     5    65     0.0      -30.0            33.0
7  2021-02-08 00:00:00-05:00   148.0  40.0        0.0    0   20     5     5    10     0.0      -40.0           128.0
8  2021-02-09 00:00:00-05:00    68.0  40.0        0.0    0   35    10    10    15     0.0      -40.0            33.0
9  2021-02-10 00:00:00-05:00    86.0  40.0        0.0    0  120    10    10   100    34.0       -6.0             0.0
10 2021-02-11 00:00:00-05:00   202.0  40.0        0.0    0   25     5     5    15     0.0      -40.0           143.0
11 2021-02-12 00:00:00-05:00   126.0  40.0        0.0    0   95    15    15    65     0.0      -40.0            31.0
12 2021-02-13 00:00:00-05:00   110.0  40.0        0.0    0   95     5     5    85     0.0      -40.0            15.0
13 2021-02-14 00:00:00-05:00   190.0  40.0        0.0    0   70     5     5    60     0.0      -40.0           120.0
14 2021-02-15 00:00:00-05:00   144.0  20.0        0.0    0   15     5     5     5     0.0      -20.0           129.0
15 2021-02-16 00:00:00-05:00   138.0  20.0        0.0    0  125    35    15    75     0.0      -20.0            13.0
16 2021-02-17 00:00:00-05:00   140.0  20.0        0.0    0   15     5     5     5     0.0      -20.0           125.0
17 2021-02-18 00:00:00-05:00    50.0  20.0        0.0    0   50    10     5    35     0.0      -20.0             0.0
18 2021-02-19 00:00:00-05:00    78.0  20.0        0.0    0   90     5     5    80    12.0       -8.0             0.0
19 2021-02-20 00:00:00-05:00   180.0  20.0        0.0    0   15     5     5     5     0.0      -20.0           153.0
20 2021-02-21 00:00:00-05:00    20.0  20.0        0.0    0   60     5     0    55    40.0       20.0             0.0
                  startdate                   enddate  volume  ordered_total  srs_and_mso  aop_and_ss  net_ss
0 2021-02-01 00:00:00+00:00 2021-02-08 00:00:00+00:00    -3.0            375            0       832.0    30.0
1 2021-02-08 00:00:00+00:00 2021-02-15 00:00:00+00:00    -3.0            460            0       940.0    10.0
2 2021-02-15 00:00:00+00:00 2021-02-22 00:00:00+00:00    -3.0            370            0       730.0   -20.0
3 2021-02-22 00:00:00+00:00 2021-03-01 00:00:00+00:00    -3.0            430            0         0.0     0.0
5002@7001
                  startdate                   enddate vendor  rank  volume  soq  srs  mso  buyguide percentage  actual_percentage
0 2021-02-01 00:00:00+00:00 2021-02-08 00:00:00+00:00   6001    -1    -1.0  220    0    0                 65.0          63.953488
4 2021-02-01 00:00:00+00:00 2021-02-08 00:00:00+00:00   6002    -1    -1.0  124    0    0                 35.0          36.046512
1 2021-02-08 00:00:00+00:00 2021-02-15 00:00:00+00:00   6001    -1    -1.0  292    0    0                 65.0          64.035088
5 2021-02-08 00:00:00+00:00 2021-02-15 00:00:00+00:00   6002    -1    -1.0  164    0    0                 35.0          35.964912
2 2021-02-15 00:00:00+00:00 2021-02-22 00:00:00+00:00   6001    -1    -1.0  256    0    0                 65.0          64.000000
6 2021-02-15 00:00:00+00:00 2021-02-22 00:00:00+00:00   6002    -1    -1.0  144    0    0                 35.0          36.000000
3 2021-02-22 00:00:00+00:00 2021-03-01 00:00:00+00:00   6001    -1    -1.0  236    0    0                 65.0          60.824742
7 2021-02-22 00:00:00+00:00 2021-03-01 00:00:00+00:00   6002    -1    -1.0  152    0    0                 35.0          39.175258
                        date  demand    ss  schedrcpt  mso  soq  6001  6002  projoh  projavail  ignored_demand
0  2021-02-01 00:00:00-05:00    13.0  15.0        4.0    0    0     0     0     0.0      -15.0             9.0
1  2021-02-02 00:00:00-05:00    54.0  15.0        0.0    0    0     0     0     0.0      -15.0            54.0
2  2021-02-03 00:00:00-05:00    88.0  15.0        0.0    0  108    68    40    20.0        5.0             0.0
3  2021-02-04 00:00:00-05:00    71.0  15.0        0.0    0   68    44    24    17.0        2.0             0.0
4  2021-02-05 00:00:00-05:00    39.0  15.0        0.0    0   44    28    16    22.0        7.0             0.0
5  2021-02-06 00:00:00-05:00    95.0  15.0        0.0    0   92    60    32    19.0        4.0             0.0
6  2021-02-07 00:00:00-05:00    33.0  15.0        0.0    0   32    20    12    18.0        3.0             0.0
7  2021-02-08 00:00:00-05:00    72.0  20.0        0.0    0   80    52    28    26.0        6.0             0.0
8  2021-02-09 00:00:00-05:00    68.0  20.0        0.0    0   68    44    24    26.0        6.0             0.0
9  2021-02-10 00:00:00-05:00    68.0  20.0        0.0    0   68    44    24    26.0        6.0             0.0
10 2021-02-11 00:00:00-05:00    46.0  20.0        0.0    0   44    28    16    24.0        4.0             0.0
11 2021-02-12 00:00:00-05:00    39.0  20.0        0.0    0   40    24    16    25.0        5.0             0.0
12 2021-02-13 00:00:00-05:00    96.0  20.0        0.0    0   92    60    32    21.0        1.0             0.0
13 2021-02-14 00:00:00-05:00    62.0  20.0        0.0    0   64    40    24    23.0        3.0             0.0
14 2021-02-15 00:00:00-05:00    67.0  10.0        0.0    0   56    36    20    12.0        2.0             0.0
15 2021-02-16 00:00:00-05:00    37.0  10.0        0.0    0   40    24    16    15.0        5.0             0.0
16 2021-02-17 00:00:00-05:00    24.0  10.0        0.0    0   24    16     8    15.0        5.0             0.0
17 2021-02-18 00:00:00-05:00    71.0  10.0        0.0    0   68    44    24    12.0        2.0             0.0
18 2021-02-19 00:00:00-05:00    89.0  10.0        0.0    0   92    60    32    15.0        5.0             0.0
19 2021-02-20 00:00:00-05:00    34.0  10.0        0.0    0   32    20    12    13.0        3.0             0.0
20 2021-02-21 00:00:00-05:00    85.0  10.0        0.0    0   88    56    32    16.0        6.0             0.0
                  startdate                   enddate  volume  ordered_total  srs_and_mso  aop_and_ss  net_ss
0 2021-02-01 00:00:00+00:00 2021-02-08 00:00:00+00:00    -2.0            344            0       408.0    15.0
1 2021-02-08 00:00:00+00:00 2021-02-15 00:00:00+00:00    -2.0            456            0       456.0     5.0
2 2021-02-15 00:00:00+00:00 2021-02-22 00:00:00+00:00    -2.0            400            0       397.0   -10.0
3 2021-02-22 00:00:00+00:00 2021-03-01 00:00:00+00:00    -2.0            388            0         0.0     0.0
