50120



5001@7001
                  startdate                   enddate vendor  rank  volume_exact  volume_upto  soq  srs  mso  buyguide percentage  actual_percentage  order_total
0 2021-02-01 00:00:00+00:00 2021-02-08 00:00:00+00:00   6001    -1          -1.0         -1.0  300    0    0                 30.0               50.0          600
3 2021-02-01 00:00:00+00:00 2021-02-08 00:00:00+00:00   6002    -1          -1.0         -1.0  300    0    0                 30.0               50.0          600
1 2021-02-08 00:00:00+00:00 2021-02-15 00:00:00+00:00   6001    -1          -1.0         -1.0  402    0    0                 50.0               67.0          600
4 2021-02-08 00:00:00+00:00 2021-02-15 00:00:00+00:00   6002    -1          -1.0         -1.0  198    0    0                 25.0               33.0          600
2 2021-02-15 00:00:00+00:00 2021-02-22 00:00:00+00:00   6001    -1          -1.0         -1.0  400    0    0                 30.0               50.0          800
5 2021-02-15 00:00:00+00:00 2021-02-22 00:00:00+00:00   6002    -1          -1.0         -1.0  400    0    0                 30.0               50.0          800
                        date  demand   ss  avo  schedrcpt  mso  soq  6001  6002  projoh  projavail  ignored_demand  incoming_supply
0  2021-02-01 00:00:00-05:00   100.0  0.0    0          0    0    0     0     0     0.0        0.0           100.0                0
1  2021-02-02 00:00:00-05:00   100.0  0.0    0          0    0    0     0     0     0.0        0.0           100.0                0
2  2021-02-03 00:00:00-05:00   100.0  0.0    0          0    0  200   100   100   100.0      100.0             0.0              200
3  2021-02-04 00:00:00-05:00   100.0  0.0    0          0    0    0     0     0     0.0        0.0             0.0                0
4  2021-02-05 00:00:00-05:00   100.0  0.0    0          0    0  200   100   100   100.0      100.0             0.0              200
5  2021-02-06 00:00:00-05:00   100.0  0.0    0          0    0    0     0     0     0.0        0.0             0.0                0
6  2021-02-07 00:00:00-05:00   100.0  0.0    0          0    0  200   100   100   100.0      100.0             0.0              200
7  2021-02-08 00:00:00-05:00   100.0  0.0    0          0    0    0     0     0     0.0        0.0             0.0                0
8  2021-02-09 00:00:00-05:00   100.0  0.0    0          0    0  200   134    66   100.0      100.0             0.0              200
9  2021-02-10 00:00:00-05:00   100.0  0.0    0          0    0    0     0     0     0.0        0.0             0.0                0
10 2021-02-11 00:00:00-05:00   100.0  0.0    0          0    0  200   134    66   100.0      100.0             0.0              200
11 2021-02-12 00:00:00-05:00   100.0  0.0    0          0    0    0     0     0     0.0        0.0             0.0                0
12 2021-02-13 00:00:00-05:00   100.0  0.0    0          0    0  200   134    66   100.0      100.0             0.0              200
13 2021-02-14 00:00:00-05:00   100.0  0.0    0          0    0    0     0     0     0.0        0.0             0.0                0
14 2021-02-15 00:00:00-05:00   100.0  0.0    0          0    0  200   100   100   100.0      100.0             0.0              200
15 2021-02-16 00:00:00-05:00   100.0  0.0    0          0    0    0     0     0     0.0        0.0             0.0                0
16 2021-02-17 00:00:00-05:00   100.0  0.0    0          0    0  200   100   100   100.0      100.0             0.0              200
17 2021-02-18 00:00:00-05:00   100.0  0.0    0          0    0    0     0     0     0.0        0.0             0.0                0
18 2021-02-19 00:00:00-05:00   100.0  0.0    0          0    0  200   100   100   100.0      100.0             0.0              200
19 2021-02-20 00:00:00-05:00   100.0  0.0    0          0    0    0     0     0     0.0        0.0             0.0                0
20 2021-02-21 00:00:00-05:00   100.0  0.0    0          0    0  200   100   100   100.0      100.0             0.0              200
                  startdate                   enddate  volume_exact  volume_upto  ordered_total  srs_and_mso  aop_and_ss_and_avo  net_ss  ignored_demand
0 2021-02-01 00:00:00+00:00 2021-02-08 00:00:00+00:00          -2.0         -2.0            600            0               700.0     0.0          -100.0
1 2021-02-08 00:00:00+00:00 2021-02-15 00:00:00+00:00          -2.0         -2.0            600            0               700.0     0.0          -100.0
2 2021-02-15 00:00:00+00:00 2021-02-22 00:00:00+00:00          -2.0         -2.0            800            0               700.0     0.0           100.0
