50111
5001@7001
                  startdate                   enddate vendor  rank  volume_exact  volume_upto  soq  srs  mso  buyguide percentage  actual_percentage  order_total
0 2021-02-01 00:00:00+00:00 2021-02-08 00:00:00+00:00   6001    -1          -1.0         -1.0  288    0    0                 30.0          50.086957          575
3 2021-02-01 00:00:00+00:00 2021-02-08 00:00:00+00:00   6002    -1          -1.0         -1.0  287    0    0                 30.0          49.913043          575
1 2021-02-08 00:00:00+00:00 2021-02-15 00:00:00+00:00   6001    -1          -1.0         -1.0  468    0    0                 50.0          66.857143          700
4 2021-02-08 00:00:00+00:00 2021-02-15 00:00:00+00:00   6002    -1          -1.0         -1.0  232    0    0                 25.0          33.142857          700
2 2021-02-15 00:00:00+00:00 2021-02-22 00:00:00+00:00   6001    -1          -1.0         -1.0  350    0    0                 30.0          50.000000          700
5 2021-02-15 00:00:00+00:00 2021-02-22 00:00:00+00:00   6002    -1          -1.0         -1.0  350    0    0                 30.0          50.000000          700
                        date  demand     ss  avo  schedrcpt  mso  soq  6001  6002  projoh  projavail  ignored_demand  incoming_supply
0  2021-02-01 00:00:00-05:00   100.0   75.0    0        0.0    0    0     0     0     0.0      -75.0           100.0                0
1  2021-02-02 00:00:00-05:00   100.0   75.0    0        0.0    0    0     0     0     0.0      -75.0           100.0                0
2  2021-02-03 00:00:00-05:00   100.0   75.0    0        0.0    0  175    88    87    75.0        0.0             0.0              175
3  2021-02-04 00:00:00-05:00   100.0   75.0    0        0.0    0  100    50    50    75.0        0.0             0.0              100
4  2021-02-05 00:00:00-05:00   100.0  150.0    0        0.0    0  175    87    88   150.0        0.0             0.0              175
5  2021-02-06 00:00:00-05:00   100.0  150.0    0        0.0    0  100    50    50   150.0        0.0             0.0              100
6  2021-02-07 00:00:00-05:00   100.0   75.0    0        0.0    0   25    13    12    75.0        0.0             0.0               25
7  2021-02-08 00:00:00-05:00   100.0   75.0    0        0.0    0  100    67    33    75.0        0.0             0.0              100
8  2021-02-09 00:00:00-05:00   100.0   75.0    0        0.0    0  100    67    33    75.0        0.0             0.0              100
9  2021-02-10 00:00:00-05:00   100.0   75.0    0        0.0    0  100    67    33    75.0        0.0             0.0              100
10 2021-02-11 00:00:00-05:00   100.0   75.0    0        0.0    0  100    67    33    75.0        0.0             0.0              100
11 2021-02-12 00:00:00-05:00   100.0   75.0    0        0.0    0  100    66    34    75.0        0.0             0.0              100
12 2021-02-13 00:00:00-05:00   100.0   75.0    0        0.0    0  100    67    33    75.0        0.0             0.0              100
13 2021-02-14 00:00:00-05:00   100.0   75.0    0        0.0    0  100    67    33    75.0        0.0             0.0              100
14 2021-02-15 00:00:00-05:00   100.0   75.0    0        0.0    0  100    50    50    75.0        0.0             0.0              100
15 2021-02-16 00:00:00-05:00   100.0   75.0    0        0.0    0  100    50    50    75.0        0.0             0.0              100
16 2021-02-17 00:00:00-05:00   100.0   75.0    0        0.0    0  100    50    50    75.0        0.0             0.0              100
17 2021-02-18 00:00:00-05:00   100.0   75.0    0        0.0    0  100    50    50    75.0        0.0             0.0              100
18 2021-02-19 00:00:00-05:00   100.0   75.0    0        0.0    0  100    50    50    75.0        0.0             0.0              100
19 2021-02-20 00:00:00-05:00   100.0   75.0    0        0.0    0  100    50    50    75.0        0.0             0.0              100
20 2021-02-21 00:00:00-05:00   100.0   75.0    0        0.0    0  100    50    50    75.0        0.0             0.0              100
                  startdate                   enddate  volume_exact  volume_upto  ordered_total  srs_and_mso  aop_and_ss_and_avo  net_ss  ignored_demand
0 2021-02-01 00:00:00+00:00 2021-02-08 00:00:00+00:00          -2.0         -2.0            575            0               775.0    75.0          -200.0
1 2021-02-08 00:00:00+00:00 2021-02-15 00:00:00+00:00          -2.0         -2.0            700            0               700.0     0.0             0.0
2 2021-02-15 00:00:00+00:00 2021-02-22 00:00:00+00:00          -2.0         -2.0            700            0               700.0     0.0             0.0
5002@7001
   startdate    enddate vendor  rank  volume_exact  volume_upto  soq  srs  mso  buyguide percentage  actual_percentage  order_total
0 2021-02-01 2021-02-02   6001    -1            -1           -1    0    0    0                100.0                  0            0
1 2021-02-02 2021-02-03   6001    -1            -1           -1    0    0    0                100.0                  0            0
                        date  demand    ss  avo  schedrcpt  mso  soq  6001  projoh  projavail  ignored_demand  incoming_supply
0  2021-02-01 00:00:00-05:00   100.0  30.0    0          0    0    0     0     0.0      -30.0           100.0                0
1  2021-02-02 00:00:00-05:00   100.0  30.0    0          0    0    0     0     0.0      -30.0           100.0                0
2  2021-02-03 00:00:00-05:00   100.0  30.0    0          0    0  130   130    30.0        0.0             0.0              130
3  2021-02-04 00:00:00-05:00   100.0  30.0    0          0    0  100   100    30.0        0.0             0.0              100
4  2021-02-05 00:00:00-05:00   100.0  30.0    0          0    0  100   100    30.0        0.0             0.0              100
5  2021-02-06 00:00:00-05:00   100.0  30.0    0          0    0  100   100    30.0        0.0             0.0              100
6  2021-02-07 00:00:00-05:00   100.0  30.0    0          0    0  100   100    30.0        0.0             0.0              100
7  2021-02-08 00:00:00-05:00   100.0  30.0    0          0    0  100   100    30.0        0.0             0.0              100
8  2021-02-09 00:00:00-05:00   100.0  30.0    0          0    0  100   100    30.0        0.0             0.0              100
9  2021-02-10 00:00:00-05:00   100.0  30.0    0          0    0  100   100    30.0        0.0             0.0              100
10 2021-02-11 00:00:00-05:00   100.0  30.0    0          0    0  100   100    30.0        0.0             0.0              100
11 2021-02-12 00:00:00-05:00   100.0  30.0    0          0    0  100   100    30.0        0.0             0.0              100
12 2021-02-13 00:00:00-05:00   100.0  30.0    0          0    0  100   100    30.0        0.0             0.0              100
13 2021-02-14 00:00:00-05:00   100.0  30.0    0          0    0  100   100    30.0        0.0             0.0              100
14 2021-02-15 00:00:00-05:00   100.0  30.0    0          0    0  100   100    30.0        0.0             0.0              100
15 2021-02-16 00:00:00-05:00   100.0  30.0    0          0    0  100   100    30.0        0.0             0.0              100
16 2021-02-17 00:00:00-05:00   100.0  30.0    0          0    0  100   100    30.0        0.0             0.0              100
17 2021-02-18 00:00:00-05:00   100.0  30.0    0          0    0  100   100    30.0        0.0             0.0              100
18 2021-02-19 00:00:00-05:00   100.0  30.0    0          0    0  100   100    30.0        0.0             0.0              100
19 2021-02-20 00:00:00-05:00   100.0  30.0    0          0    0  100   100    30.0        0.0             0.0              100
20 2021-02-21 00:00:00-05:00   100.0  30.0    0          0    0  100   100    30.0        0.0             0.0              100
   startdate    enddate  volume_exact  volume_upto  ordered_total  srs_and_mso  aop_and_ss_and_avo  net_ss  ignored_demand
0 2021-02-01 2021-02-02            -1           -1              0            0               130.0    30.0          -130.0
1 2021-02-02 2021-02-03            -1           -1              0            0               100.0     0.0          -100.0
5003@7001
   startdate    enddate vendor  rank  volume_exact  volume_upto  soq  srs  mso  buyguide percentage  actual_percentage  order_total
0 2021-02-01 2021-02-02   6002    -1            -1           -1    0    0    0                100.0                  0            0
1 2021-02-02 2021-02-03   6002    -1            -1           -1    0    0    0                100.0                  0            0
                        date  demand    ss  avo  schedrcpt  mso  soq  6002  projoh  projavail  ignored_demand  incoming_supply
0  2021-02-01 00:00:00-05:00   100.0  22.0    0          0    0    0     0     0.0      -22.0           100.0                0
1  2021-02-02 00:00:00-05:00   100.0  22.0    0          0    0    0     0     0.0      -22.0           100.0                0
2  2021-02-03 00:00:00-05:00   100.0  22.0    0          0    0  122   122    22.0        0.0             0.0              122
3  2021-02-04 00:00:00-05:00   100.0  22.0    0          0    0  100   100    22.0        0.0             0.0              100
4  2021-02-05 00:00:00-05:00   100.0  22.0    0          0    0  100   100    22.0        0.0             0.0              100
5  2021-02-06 00:00:00-05:00   100.0  22.0    0          0    0  100   100    22.0        0.0             0.0              100
6  2021-02-07 00:00:00-05:00   100.0  22.0    0          0    0  100   100    22.0        0.0             0.0              100
7  2021-02-08 00:00:00-05:00   100.0  22.0    0          0    0  100   100    22.0        0.0             0.0              100
8  2021-02-09 00:00:00-05:00   100.0  22.0    0          0    0  100   100    22.0        0.0             0.0              100
9  2021-02-10 00:00:00-05:00   100.0  22.0    0          0    0  100   100    22.0        0.0             0.0              100
10 2021-02-11 00:00:00-05:00   100.0  22.0    0          0    0  100   100    22.0        0.0             0.0              100
11 2021-02-12 00:00:00-05:00   100.0  22.0    0          0    0  100   100    22.0        0.0             0.0              100
12 2021-02-13 00:00:00-05:00   100.0  22.0    0          0    0  100   100    22.0        0.0             0.0              100
13 2021-02-14 00:00:00-05:00   100.0  22.0    0          0    0  100   100    22.0        0.0             0.0              100
14 2021-02-15 00:00:00-05:00   100.0  22.0    0          0    0  100   100    22.0        0.0             0.0              100
15 2021-02-16 00:00:00-05:00   100.0  22.0    0          0    0  100   100    22.0        0.0             0.0              100
16 2021-02-17 00:00:00-05:00   100.0  22.0    0          0    0  100   100    22.0        0.0             0.0              100
17 2021-02-18 00:00:00-05:00   100.0  22.0    0          0    0  100   100    22.0        0.0             0.0              100
18 2021-02-19 00:00:00-05:00   100.0  22.0    0          0    0  100   100    22.0        0.0             0.0              100
19 2021-02-20 00:00:00-05:00   100.0  22.0    0          0    0  100   100    22.0        0.0             0.0              100
20 2021-02-21 00:00:00-05:00   100.0  22.0    0          0    0  100   100    22.0        0.0             0.0              100
   startdate    enddate  volume_exact  volume_upto  ordered_total  srs_and_mso  aop_and_ss_and_avo  net_ss  ignored_demand
0 2021-02-01 2021-02-02            -1           -1              0            0               122.0    22.0          -122.0
1 2021-02-02 2021-02-03            -1           -1              0            0               100.0     0.0          -100.0
