50125
5001@7001
                  startdate                   enddate vendor  rank  volume_exact  volume_upto  soq  srs  mso  buyguide percentage  actual_percentage  order_total
0 2021-02-01 00:00:00+00:00 2021-02-08 00:00:00+00:00   6001    -1          -1.0         -1.0  300    0    0                 30.0          60.000000          500
3 2021-02-01 00:00:00+00:00 2021-02-08 00:00:00+00:00   6002    -1          -1.0         -1.0  200    0    0                 30.0          40.000000          500
1 2021-02-08 00:00:00+00:00 2021-02-15 00:00:00+00:00   6001    -1          -1.0         -1.0  536    0    0                 50.0          73.024523          734
4 2021-02-08 00:00:00+00:00 2021-02-15 00:00:00+00:00   6002    -1          -1.0         -1.0  198    0    0                 25.0          26.975477          734
2 2021-02-15 00:00:00+00:00 2021-02-22 00:00:00+00:00   6001    -1          -1.0         -1.0  333    0    0                 30.0          50.000000          666
5 2021-02-15 00:00:00+00:00 2021-02-22 00:00:00+00:00   6002    -1          -1.0         -1.0  333    0    0                 30.0          50.000000          666
                        date  demand   ss  avo  schedrcpt  mso  soq  6001  6002  projoh  projavail  ignored_demand  incoming_supply
0  2021-02-01 00:00:00-05:00   100.0  0.0    0          0    0    0     0     0     0.0        0.0           100.0                0
1  2021-02-02 00:00:00-05:00   100.0  0.0    0          0    0    0     0     0     0.0        0.0           100.0                0
2  2021-02-03 00:00:00-05:00   100.0  0.0    0          0    0  100   100     0     0.0        0.0             0.0              100
3  2021-02-04 00:00:00-05:00   100.0  0.0    0          0    0  100     0   100     0.0        0.0             0.0              100
4  2021-02-05 00:00:00-05:00   100.0  0.0    0          0    0  100   100     0     0.0        0.0             0.0              100
5  2021-02-06 00:00:00-05:00   100.0  0.0    0          0    0  100     0   100     0.0        0.0             0.0              100
6  2021-02-07 00:00:00-05:00   100.0  0.0    0          0    0  100   100     0     0.0        0.0             0.0              100
7  2021-02-08 00:00:00-05:00   100.0  0.0    0          0    0  134   134     0    34.0       34.0             0.0              134
8  2021-02-09 00:00:00-05:00   100.0  0.0    0          0    0   66     0    66     0.0        0.0             0.0               66
9  2021-02-10 00:00:00-05:00   100.0  0.0    0          0    0  134   134     0    34.0       34.0             0.0              134
10 2021-02-11 00:00:00-05:00   100.0  0.0    0          0    0   66     0    66     0.0        0.0             0.0               66
11 2021-02-12 00:00:00-05:00   100.0  0.0    0          0    0  134   134     0    34.0       34.0             0.0              134
12 2021-02-13 00:00:00-05:00   100.0  0.0    0          0    0   66     0    66     0.0        0.0             0.0               66
13 2021-02-14 00:00:00-05:00   100.0  0.0    0          0    0  134   134     0    34.0       34.0             0.0              134
14 2021-02-15 00:00:00-05:00   100.0  0.0    0          0    0  133   133     0    67.0       67.0             0.0              133
15 2021-02-16 00:00:00-05:00   100.0  0.0    0          0    0   33     0    33     0.0        0.0             0.0               33
16 2021-02-17 00:00:00-05:00   100.0  0.0    0          0    0  100     0   100     0.0        0.0             0.0              100
17 2021-02-18 00:00:00-05:00   100.0  0.0    0          0    0  100   100     0     0.0        0.0             0.0              100
18 2021-02-19 00:00:00-05:00   100.0  0.0    0          0    0  100     0   100     0.0        0.0             0.0              100
19 2021-02-20 00:00:00-05:00   100.0  0.0    0          0    0  100   100     0     0.0        0.0             0.0              100
20 2021-02-21 00:00:00-05:00   100.0  0.0    0          0    0  100     0   100     0.0        0.0             0.0              100
                  startdate                   enddate  volume_exact  volume_upto  ordered_total  srs_and_mso  aop_and_ss_and_avo  net_ss  ignored_demand
0 2021-02-01 00:00:00+00:00 2021-02-08 00:00:00+00:00          -2.0         -2.0            500            0               700.0     0.0          -200.0
1 2021-02-08 00:00:00+00:00 2021-02-15 00:00:00+00:00          -2.0         -2.0            734            0               700.0     0.0            34.0
2 2021-02-15 00:00:00+00:00 2021-02-22 00:00:00+00:00          -2.0         -2.0            666            0               700.0     0.0           -34.0
5002@7001
   startdate    enddate vendor  rank  volume_exact  volume_upto  soq  srs  mso  buyguide percentage  actual_percentage  order_total
0 2021-02-01 2021-02-02   6001    -1            -1           -1    0    0    0                100.0                  0            0
1 2021-02-02 2021-02-03   6001    -1            -1           -1    0    0    0                100.0                  0            0
                        date  demand   ss  avo  schedrcpt  mso  soq  6001  projoh  projavail  ignored_demand  incoming_supply
0  2021-02-01 00:00:00-05:00   100.0  0.0    0          0    0    0     0     0.0        0.0           100.0                0
1  2021-02-02 00:00:00-05:00   100.0  0.0    0          0    0    0     0     0.0        0.0           100.0                0
2  2021-02-03 00:00:00-05:00   100.0  0.0    0          0    0  200   200   100.0      100.0             0.0              200
3  2021-02-04 00:00:00-05:00   100.0  0.0    0          0    0    0     0     0.0        0.0             0.0                0
4  2021-02-05 00:00:00-05:00   100.0  0.0    0          0    0  200   200   100.0      100.0             0.0              200
5  2021-02-06 00:00:00-05:00   100.0  0.0    0          0    0    0     0     0.0        0.0             0.0                0
6  2021-02-07 00:00:00-05:00   100.0  0.0    0          0    0  200   200   100.0      100.0             0.0              200
7  2021-02-08 00:00:00-05:00   100.0  0.0    0          0    0  100   100   100.0      100.0             0.0              100
8  2021-02-09 00:00:00-05:00   100.0  0.0    0          0    0    0     0     0.0        0.0             0.0                0
9  2021-02-10 00:00:00-05:00   100.0  0.0    0          0    0  200   200   100.0      100.0             0.0              200
10 2021-02-11 00:00:00-05:00   100.0  0.0    0          0    0    0     0     0.0        0.0             0.0                0
11 2021-02-12 00:00:00-05:00   100.0  0.0    0          0    0  200   200   100.0      100.0             0.0              200
12 2021-02-13 00:00:00-05:00   100.0  0.0    0          0    0    0     0     0.0        0.0             0.0                0
13 2021-02-14 00:00:00-05:00   100.0  0.0    0          0    0  200   200   100.0      100.0             0.0              200
14 2021-02-15 00:00:00-05:00   100.0  0.0    0          0    0  200   200   200.0      200.0             0.0              200
15 2021-02-16 00:00:00-05:00   100.0  0.0    0          0    0    0     0   100.0      100.0             0.0                0
16 2021-02-17 00:00:00-05:00   100.0  0.0    0          0    0    0     0     0.0        0.0             0.0                0
17 2021-02-18 00:00:00-05:00   100.0  0.0    0          0    0  200   200   100.0      100.0             0.0              200
18 2021-02-19 00:00:00-05:00   100.0  0.0    0          0    0    0     0     0.0        0.0             0.0                0
19 2021-02-20 00:00:00-05:00   100.0  0.0    0          0    0  200   200   100.0      100.0             0.0              200
20 2021-02-21 00:00:00-05:00   100.0  0.0    0          0    0    0     0     0.0        0.0             0.0                0
   startdate    enddate  volume_exact  volume_upto  ordered_total  srs_and_mso  aop_and_ss_and_avo  net_ss  ignored_demand
0 2021-02-01 2021-02-02            -1           -1              0            0               100.0     0.0          -100.0
1 2021-02-02 2021-02-03            -1           -1              0            0               100.0     0.0          -100.0
5003@7001
   startdate    enddate vendor  rank  volume_exact  volume_upto  soq  srs  mso  buyguide percentage  actual_percentage  order_total
0 2021-02-01 2021-02-02   6002    -1            -1           -1    0    0    0                100.0                  0            0
1 2021-02-02 2021-02-03   6002    -1            -1           -1    0    0    0                100.0                  0            0
                        date  demand   ss  avo  schedrcpt  mso  soq  6002  projoh  projavail  ignored_demand  incoming_supply
0  2021-02-01 00:00:00-05:00   100.0  0.0    0          0    0    0     0     0.0        0.0           100.0                0
1  2021-02-02 00:00:00-05:00   100.0  0.0    0          0    0    0     0     0.0        0.0           100.0                0
2  2021-02-03 00:00:00-05:00   100.0  0.0    0          0    0  100   100     0.0        0.0             0.0              100
3  2021-02-04 00:00:00-05:00   100.0  0.0    0          0    0  100   100     0.0        0.0             0.0              100
4  2021-02-05 00:00:00-05:00   100.0  0.0    0          0    0  100   100     0.0        0.0             0.0              100
5  2021-02-06 00:00:00-05:00   100.0  0.0    0          0    0  100   100     0.0        0.0             0.0              100
6  2021-02-07 00:00:00-05:00   100.0  0.0    0          0    0  100   100     0.0        0.0             0.0              100
7  2021-02-08 00:00:00-05:00   100.0  0.0    0          0    0  100   100     0.0        0.0             0.0              100
8  2021-02-09 00:00:00-05:00   100.0  0.0    0          0    0  100   100     0.0        0.0             0.0              100
9  2021-02-10 00:00:00-05:00   100.0  0.0    0          0    0  100   100     0.0        0.0             0.0              100
10 2021-02-11 00:00:00-05:00   100.0  0.0    0          0    0  100   100     0.0        0.0             0.0              100
11 2021-02-12 00:00:00-05:00   100.0  0.0    0          0    0  100   100     0.0        0.0             0.0              100
12 2021-02-13 00:00:00-05:00   100.0  0.0    0          0    0  100   100     0.0        0.0             0.0              100
13 2021-02-14 00:00:00-05:00   100.0  0.0    0          0    0  100   100     0.0        0.0             0.0              100
14 2021-02-15 00:00:00-05:00   100.0  0.0    0          0    0  100   100     0.0        0.0             0.0              100
15 2021-02-16 00:00:00-05:00   100.0  0.0    0          0    0  100   100     0.0        0.0             0.0              100
16 2021-02-17 00:00:00-05:00   100.0  0.0    0          0    0  100   100     0.0        0.0             0.0              100
17 2021-02-18 00:00:00-05:00   100.0  0.0    0          0    0  100   100     0.0        0.0             0.0              100
18 2021-02-19 00:00:00-05:00   100.0  0.0    0          0    0  100   100     0.0        0.0             0.0              100
19 2021-02-20 00:00:00-05:00   100.0  0.0    0          0    0  100   100     0.0        0.0             0.0              100
20 2021-02-21 00:00:00-05:00   100.0  0.0    0          0    0  100   100     0.0        0.0             0.0              100
   startdate    enddate  volume_exact  volume_upto  ordered_total  srs_and_mso  aop_and_ss_and_avo  net_ss  ignored_demand
0 2021-02-01 2021-02-02            -1           -1              0            0               100.0     0.0          -100.0
1 2021-02-02 2021-02-03            -1           -1              0            0               100.0     0.0          -100.0
