5001@7001
                   startdate                   enddate vendor  rank  volume  soq  buyguide percentage  actual_percentage
0  2021-02-01 00:00:00+00:00 2021-02-08 00:00:00+00:00   6001    -1    -1.0  180                 30.0          40.000000
4  2021-02-01 00:00:00+00:00 2021-02-08 00:00:00+00:00   6002    -1    -1.0  155                 30.0          34.444444
8  2021-02-01 00:00:00+00:00 2021-02-08 00:00:00+00:00   6003    -1    -1.0  115                 40.0          25.555556
1  2021-02-08 00:00:00+00:00 2021-02-15 00:00:00+00:00   6001    -1    -1.0  280                 25.0          42.748092
5  2021-02-08 00:00:00+00:00 2021-02-15 00:00:00+00:00   6002    -1    -1.0  280                 25.0          42.748092
9  2021-02-08 00:00:00+00:00 2021-02-15 00:00:00+00:00   6003    -1    -1.0   95                 50.0          14.503817
2  2021-02-15 00:00:00+00:00 2021-02-22 00:00:00+00:00   6001    -1    -1.0  145                 50.0          49.152542
6  2021-02-15 00:00:00+00:00 2021-02-22 00:00:00+00:00   6002    -1    -1.0  150                 25.0          50.847458
10 2021-02-15 00:00:00+00:00 2021-02-22 00:00:00+00:00   6003    -1    -1.0    0                 25.0           0.000000
3  2021-02-22 00:00:00+00:00 2021-03-01 00:00:00+00:00   6001    -1    -1.0  110                 50.0          41.509434
7  2021-02-22 00:00:00+00:00 2021-03-01 00:00:00+00:00   6002    -1    -1.0  110                 25.0          41.509434
11 2021-02-22 00:00:00+00:00 2021-03-01 00:00:00+00:00   6003    -1    -1.0   45                 25.0          16.981132
                        date  demand    ss  schedrcpt  soq  6001  6002  6003  projoh  projavail  ignored_demand
0  2021-02-01 00:00:00-05:00    43.0  15.0          0    0     0     0     0     0.0      -15.0            43.0
1  2021-02-02 00:00:00-05:00    57.0  15.0          0    0     0     0     0     0.0      -15.0            57.0
2  2021-02-03 00:00:00-05:00    34.0  15.0          0  175    90    85     0   141.0      126.0             0.0
3  2021-02-04 00:00:00-05:00    98.0  15.0          0    0     0     0     0    43.0       28.0             0.0
4  2021-02-05 00:00:00-05:00    54.0  15.0          0   30    25     5     0    19.0        4.0             0.0
5  2021-02-06 00:00:00-05:00    61.0  15.0          0  115     0     0   115    73.0       58.0             0.0
6  2021-02-07 00:00:00-05:00    54.0  15.0          0  130    65    65     0   149.0      134.0             0.0
7  2021-02-08 00:00:00-05:00    74.0  20.0          0   25     0     0    25   100.0       80.0             0.0
8  2021-02-09 00:00:00-05:00    34.0  20.0          0    0     0     0     0    66.0       46.0             0.0
9  2021-02-10 00:00:00-05:00    43.0  20.0          0  160    45    45    70   183.0      163.0             0.0
10 2021-02-11 00:00:00-05:00   101.0  20.0          0    0     0     0     0    82.0       62.0             0.0
11 2021-02-12 00:00:00-05:00    63.0  20.0          0  250   125   125     0   269.0      249.0             0.0
12 2021-02-13 00:00:00-05:00    55.0  20.0          0    0     0     0     0   214.0      194.0             0.0
13 2021-02-14 00:00:00-05:00    95.0  20.0          0  220   110   110     0   339.0      319.0             0.0
14 2021-02-15 00:00:00-05:00    72.0  10.0          0    0     0     0     0   267.0      257.0             0.0
15 2021-02-16 00:00:00-05:00    69.0  10.0          0    0     0     0     0   198.0      188.0             0.0
16 2021-02-17 00:00:00-05:00    70.0  10.0          0   30    15    15     0   158.0      148.0             0.0
17 2021-02-18 00:00:00-05:00    25.0  10.0          0    0     0     0     0   133.0      123.0             0.0
18 2021-02-19 00:00:00-05:00    39.0  10.0          0  255   125   130     0   349.0      339.0             0.0
19 2021-02-20 00:00:00-05:00    90.0  10.0          0    0     0     0     0   259.0      249.0             0.0
20 2021-02-21 00:00:00-05:00    10.0  10.0          0   10     5     5     0   259.0      249.0             0.0
21 2021-02-22 00:00:00-05:00    68.0  25.0          0   10     0     0    10   201.0      176.0             0.0
22 2021-02-23 00:00:00-05:00    62.0  25.0          0    0     0     0     0   139.0      114.0             0.0
23 2021-02-24 00:00:00-05:00    96.0  25.0          0  195    80    80    35   238.0      213.0             0.0
24 2021-02-25 00:00:00-05:00    94.0  25.0          0    0     0     0     0   144.0      119.0             0.0
25 2021-02-26 00:00:00-05:00    50.0  25.0          0   60    30    30     0   154.0      129.0             0.0
26 2021-02-27 00:00:00-05:00    59.0  25.0          0    0     0     0     0    95.0       70.0             0.0
27 2021-02-28 00:00:00-05:00    65.0  25.0          0    0     0     0     0    30.0        5.0             0.0
28 2021-03-01 00:00:00-05:00     0.0  35.0          0    0     0     0     0    30.0       -5.0             0.0
29 2021-03-02 00:00:00-05:00     0.0  35.0          0    0     0     0     0    30.0       -5.0             0.0
30 2021-03-03 00:00:00-05:00     0.0  35.0          0    0     0     0     0    30.0       -5.0             0.0
31 2021-03-04 00:00:00-05:00     0.0  35.0          0    0     0     0     0    30.0       -5.0             0.0
32 2021-03-05 00:00:00-05:00     0.0  35.0          0    0     0     0     0    30.0       -5.0             0.0
33 2021-03-06 00:00:00-05:00     0.0  35.0          0    0     0     0     0    30.0       -5.0             0.0
34 2021-03-07 00:00:00-05:00     0.0  35.0          0    5     0     5     0    35.0        0.0             0.0
35 2021-03-08 00:00:00-05:00     0.0   0.0          0    0     0     0     0    35.0       35.0             0.0
36 2021-03-09 00:00:00-05:00     0.0   0.0          0    0     0     0     0    35.0       35.0             0.0
37 2021-03-10 00:00:00-05:00     0.0   0.0          0    0     0     0     0    35.0       35.0             0.0
38 2021-03-11 00:00:00-05:00     0.0   0.0          0    0     0     0     0    35.0       35.0             0.0
39 2021-03-12 00:00:00-05:00     0.0   0.0          0    0     0     0     0    35.0       35.0             0.0
40 2021-03-13 00:00:00-05:00     0.0   0.0          0    0     0     0     0    35.0       35.0             0.0
41 2021-03-14 00:00:00-05:00     0.0   0.0          0    0     0     0     0    35.0       35.0             0.0
                  startdate                   enddate  volume  ordered_total  aop_and_ss  net_ss
0 2021-02-01 00:00:00+00:00 2021-02-08 00:00:00+00:00    -3.0            450       416.0    15.0
1 2021-02-08 00:00:00+00:00 2021-02-15 00:00:00+00:00    -3.0            655       485.0    20.0
2 2021-02-15 00:00:00+00:00 2021-02-22 00:00:00+00:00    -3.0            295       385.0    10.0
3 2021-02-22 00:00:00+00:00 2021-03-01 00:00:00+00:00    -3.0            265       519.0    25.0
5002@7001
                  startdate                   enddate vendor  rank  volume  soq  buyguide percentage  actual_percentage
0 2021-02-01 00:00:00+00:00 2021-02-08 00:00:00+00:00   6001    -1    -1.0  316                 65.0          60.769231
4 2021-02-01 00:00:00+00:00 2021-02-08 00:00:00+00:00   6002    -1    -1.0  204                 35.0          39.230769
1 2021-02-08 00:00:00+00:00 2021-02-15 00:00:00+00:00   6001    -1    -1.0  248                 65.0          52.542373
5 2021-02-08 00:00:00+00:00 2021-02-15 00:00:00+00:00   6002    -1    -1.0  224                 35.0          47.457627
2 2021-02-15 00:00:00+00:00 2021-02-22 00:00:00+00:00   6001    -1    -1.0  208                 65.0          50.000000
6 2021-02-15 00:00:00+00:00 2021-02-22 00:00:00+00:00   6002    -1    -1.0  208                 35.0          50.000000
3 2021-02-22 00:00:00+00:00 2021-03-01 00:00:00+00:00   6001    -1    -1.0  100                 65.0          51.020408
7 2021-02-22 00:00:00+00:00 2021-03-01 00:00:00+00:00   6002    -1    -1.0   96                 35.0          48.979592
                        date  demand    ss  schedrcpt  soq  6001  6002  projoh  projavail  ignored_demand
0  2021-02-01 00:00:00-05:00    13.0  15.0          0    0     0     0     0.0      -15.0            13.0
1  2021-02-02 00:00:00-05:00    54.0  15.0          0    0     0     0     0.0      -15.0            54.0
2  2021-02-03 00:00:00-05:00    88.0  15.0          0  232   132   100   144.0      129.0             0.0
3  2021-02-04 00:00:00-05:00    71.0  15.0          0    0     0     0    73.0       58.0             0.0
4  2021-02-05 00:00:00-05:00    39.0  15.0          0   76    68     8   110.0       95.0             0.0
5  2021-02-06 00:00:00-05:00    95.0  15.0          0    0     0     0    15.0        0.0             0.0
6  2021-02-07 00:00:00-05:00    33.0  15.0          0  212   116    96   194.0      179.0             0.0
7  2021-02-08 00:00:00-05:00    72.0  20.0          0    0     0     0   122.0      102.0             0.0
8  2021-02-09 00:00:00-05:00    68.0  20.0          0    0     0     0    54.0       34.0             0.0
9  2021-02-10 00:00:00-05:00    68.0  20.0          0  156    88    68   142.0      122.0             0.0
10 2021-02-11 00:00:00-05:00    46.0  20.0          0    0     0     0    96.0       76.0             0.0
11 2021-02-12 00:00:00-05:00    39.0  20.0          0  204   104   100   261.0      241.0             0.0
12 2021-02-13 00:00:00-05:00    96.0  20.0          0    0     0     0   165.0      145.0             0.0
13 2021-02-14 00:00:00-05:00    62.0  20.0          0  112    56    56   215.0      195.0             0.0
14 2021-02-15 00:00:00-05:00    67.0  10.0          0    0     0     0   148.0      138.0             0.0
15 2021-02-16 00:00:00-05:00    37.0  10.0          0    0     0     0   111.0      101.0             0.0
16 2021-02-17 00:00:00-05:00    24.0  10.0          0  192    96    96   279.0      269.0             0.0
17 2021-02-18 00:00:00-05:00    71.0  10.0          0    0     0     0   208.0      198.0             0.0
18 2021-02-19 00:00:00-05:00    89.0  10.0          0  168    84    84   287.0      277.0             0.0
19 2021-02-20 00:00:00-05:00    34.0  10.0          0    0     0     0   253.0      243.0             0.0
20 2021-02-21 00:00:00-05:00    85.0  10.0          0   56    28    28   224.0      214.0             0.0
21 2021-02-22 00:00:00-05:00    47.0  25.0          0    0     0     0   177.0      152.0             0.0
22 2021-02-23 00:00:00-05:00    24.0  25.0          0    0     0     0   153.0      128.0             0.0
23 2021-02-24 00:00:00-05:00    97.0  25.0          0  120    60    60   176.0      151.0             0.0
24 2021-02-25 00:00:00-05:00    70.0  25.0          0    0     0     0   106.0       81.0             0.0
25 2021-02-26 00:00:00-05:00    28.0  25.0          0   76    40    36   154.0      129.0             0.0
26 2021-02-27 00:00:00-05:00    64.0  25.0          0    0     0     0    90.0       65.0             0.0
27 2021-02-28 00:00:00-05:00    57.0  25.0          0    0     0     0    33.0        8.0             0.0
28 2021-03-01 00:00:00-05:00     0.0  35.0          0    0     0     0    33.0       -2.0             0.0
29 2021-03-02 00:00:00-05:00     0.0  35.0          0    0     0     0    33.0       -2.0             0.0
30 2021-03-03 00:00:00-05:00     0.0  35.0          0    0     0     0    33.0       -2.0             0.0
31 2021-03-04 00:00:00-05:00     0.0  35.0          0    0     0     0    33.0       -2.0             0.0
32 2021-03-05 00:00:00-05:00     0.0  35.0          0    0     0     0    33.0       -2.0             0.0
33 2021-03-06 00:00:00-05:00     0.0  35.0          0    0     0     0    33.0       -2.0             0.0
34 2021-03-07 00:00:00-05:00     0.0  35.0          0    0     0     0    33.0       -2.0             0.0
35 2021-03-08 00:00:00-05:00     0.0   0.0          0    0     0     0    33.0       33.0             0.0
36 2021-03-09 00:00:00-05:00     0.0   0.0          0    0     0     0    33.0       33.0             0.0
37 2021-03-10 00:00:00-05:00     0.0   0.0          0    0     0     0    33.0       33.0             0.0
38 2021-03-11 00:00:00-05:00     0.0   0.0          0    0     0     0    33.0       33.0             0.0
39 2021-03-12 00:00:00-05:00     0.0   0.0          0    0     0     0    33.0       33.0             0.0
40 2021-03-13 00:00:00-05:00     0.0   0.0          0    0     0     0    33.0       33.0             0.0
41 2021-03-14 00:00:00-05:00     0.0   0.0          0    0     0     0    33.0       33.0             0.0
                  startdate                   enddate  volume  ordered_total  aop_and_ss  net_ss
0 2021-02-01 00:00:00+00:00 2021-02-08 00:00:00+00:00    -2.0            520       408.0    15.0
1 2021-02-08 00:00:00+00:00 2021-02-15 00:00:00+00:00    -2.0            472       471.0    20.0
2 2021-02-15 00:00:00+00:00 2021-02-22 00:00:00+00:00    -2.0            416       417.0    10.0
3 2021-02-22 00:00:00+00:00 2021-03-01 00:00:00+00:00    -2.0            196       412.0    25.0
