50116



5001@7001
                  startdate                   enddate vendor  rank  volume_exact  volume_upto  soq  srs  mso  buyguide percentage  actual_percentage  order_total
0 2021-02-01 00:00:00+00:00 2021-02-08 00:00:00+00:00   6001    -1          -1.0         -1.0  155    0    0                 30.0          27.927928          555
3 2021-02-01 00:00:00+00:00 2021-02-08 00:00:00+00:00   6002    -1          -1.0         -1.0  400    0    0                 70.0          72.072072          555
1 2021-02-08 00:00:00+00:00 2021-02-15 00:00:00+00:00   6001    -1          -1.0         -1.0  329    0    0                 50.0          50.693374          649
4 2021-02-08 00:00:00+00:00 2021-02-15 00:00:00+00:00   6002    -1          -1.0         -1.0  320    0    0                 50.0          49.306626          649
2 2021-02-15 00:00:00+00:00 2021-02-22 00:00:00+00:00   6001    -1          -1.0         -1.0  462    0    0                 70.0          65.811966          702
5 2021-02-15 00:00:00+00:00 2021-02-22 00:00:00+00:00   6002    -1          -1.0         -1.0  240    0    0                 30.0          34.188034          702
                        date  demand   ss  avo  schedrcpt  mso  soq  6001  6002  projoh  projavail  ignored_demand  incoming_supply
0  2021-02-01 00:00:00-05:00   100.0  0.0    0          0    0    0     0     0     0.0        0.0           100.0                0
1  2021-02-02 00:00:00-05:00   100.0  0.0    0          0    0    0     0     0     0.0        0.0           100.0                0
2  2021-02-03 00:00:00-05:00   100.0  0.0    0          0    0  116    36    80    16.0       16.0             0.0              116
3  2021-02-04 00:00:00-05:00   100.0  0.0    0          0    0  104    24    80    20.0       20.0             0.0              104
4  2021-02-05 00:00:00-05:00   100.0  0.0    0          0    0  116    36    80    36.0       36.0             0.0              116
5  2021-02-06 00:00:00-05:00   100.0  0.0    0          0    0  104    24    80    40.0       40.0             0.0              104
6  2021-02-07 00:00:00-05:00   100.0  0.0    0          0    0  115    35    80    55.0       55.0             0.0              115
7  2021-02-08 00:00:00-05:00   100.0  0.0    0          0    0  108    28    80    63.0       63.0             0.0              108
8  2021-02-09 00:00:00-05:00   100.0  0.0    0          0    0   42    42     0     5.0        5.0             0.0               42
9  2021-02-10 00:00:00-05:00   100.0  0.0    0          0    0  136    56    80    41.0       41.0             0.0              136
10 2021-02-11 00:00:00-05:00   100.0  0.0    0          0    0  129    49    80    70.0       70.0             0.0              129
11 2021-02-12 00:00:00-05:00   100.0  0.0    0          0    0   35    35     0     5.0        5.0             0.0               35
12 2021-02-13 00:00:00-05:00   100.0  0.0    0          0    0  143    63    80    48.0       48.0             0.0              143
13 2021-02-14 00:00:00-05:00   100.0  0.0    0          0    0   56    56     0     4.0        4.0             0.0               56
14 2021-02-15 00:00:00-05:00   100.0  0.0    0          0    0  150    70    80    54.0       54.0             0.0              150
15 2021-02-16 00:00:00-05:00   100.0  0.0    0          0    0   49    49     0     3.0        3.0             0.0               49
16 2021-02-17 00:00:00-05:00   100.0  0.0    0          0    0  171    91    80    74.0       74.0             0.0              171
17 2021-02-18 00:00:00-05:00   100.0  0.0    0          0    0   28    28     0     2.0        2.0             0.0               28
18 2021-02-19 00:00:00-05:00   100.0  0.0    0          0    0   98    98     0     0.0        0.0             0.0               98
19 2021-02-20 00:00:00-05:00   100.0  0.0    0          0    0  164    84    80    64.0       64.0             0.0              164
20 2021-02-21 00:00:00-05:00   100.0  0.0    0          0    0   42    42     0     6.0        6.0             0.0               42
                  startdate                   enddate  volume_exact  volume_upto  ordered_total  srs_and_mso  aop_and_ss_and_avo  net_ss  ignored_demand
0 2021-02-01 00:00:00+00:00 2021-02-08 00:00:00+00:00          -2.0         -2.0            555            0               700.0     0.0          -145.0
1 2021-02-08 00:00:00+00:00 2021-02-15 00:00:00+00:00          -2.0         -2.0            649            0               700.0     0.0           -51.0
2 2021-02-15 00:00:00+00:00 2021-02-22 00:00:00+00:00          -2.0         -2.0            702            0               700.0     0.0             2.0
