50479



5001@7001
                  startdate                   enddate vendor  rank  volume_exact  volume_upto  soq  srs  mso  buyguide percentage  actual_percentage  order_total
0 2021-02-01 00:00:00+00:00 2021-02-08 00:00:00+00:00   6001     1          50.0         -1.0   48    0    0                 -1.0          15.584416          308
3 2021-02-01 00:00:00+00:00 2021-02-08 00:00:00+00:00   6002     1          -1.0         -1.0  100    0    0                 -1.0          32.467532          308
6 2021-02-01 00:00:00+00:00 2021-02-08 00:00:00+00:00   6003     1         300.0         -1.0  160    0    0                 -1.0          51.948052          308
1 2021-02-08 00:00:00+00:00 2021-02-15 00:00:00+00:00   6001     1          50.0         -1.0   48    0    0                 -1.0          16.666667          288
4 2021-02-08 00:00:00+00:00 2021-02-15 00:00:00+00:00   6002     1          -1.0         -1.0   40    0    0                 -1.0          13.888889          288
7 2021-02-08 00:00:00+00:00 2021-02-15 00:00:00+00:00   6003     1         300.0         -1.0  200    0    0                 -1.0          69.444444          288
2 2021-02-15 00:00:00+00:00 2021-02-21 00:00:00+00:00   6001     1          50.0         -1.0   36    0    0                 -1.0          64.285714           56
5 2021-02-15 00:00:00+00:00 2021-02-21 00:00:00+00:00   6002     1          -1.0         -1.0   20    0    0                 -1.0          35.714286           56
                        date  demand   ss  avo  schedrcpt  mso  soq  6002  6001  6003  projoh  projavail  ignored_demand  incoming_supply
0  2021-02-01 00:00:00-05:00    60.0  0.0    0          0    0    0     0     0     0     0.0        0.0            60.0                0
1  2021-02-02 00:00:00-05:00    70.0  0.0    0          0    0    0     0     0     0     0.0        0.0            70.0                0
2  2021-02-03 00:00:00-05:00   100.0  0.0    0          0    0  100   100     0     0     0.0        0.0             0.0              100
3  2021-02-04 00:00:00-05:00    40.0  0.0    0          0    0   48     0    48     0     8.0        8.0             0.0               48
4  2021-02-05 00:00:00-05:00    60.0  0.0    0          0    0    0     0     0     0     0.0        0.0            52.0                0
5  2021-02-06 00:00:00-05:00    90.0  0.0    0          0    0    0     0     0     0     0.0        0.0            90.0                0
6  2021-02-07 00:00:00-05:00    50.0  0.0    0          0    0  160     0     0   160   110.0      110.0             0.0              160
7  2021-02-08 00:00:00-05:00    30.0  0.0    0          0    0    0     0     0     0    80.0       80.0             0.0                0
8  2021-02-09 00:00:00-05:00    80.0  0.0    0          0    0    0     0     0     0     0.0        0.0             0.0                0
9  2021-02-10 00:00:00-05:00    40.0  0.0    0          0    0   40    40     0     0     0.0        0.0             0.0               40
10 2021-02-11 00:00:00-05:00   100.0  0.0    0          0    0   48     0    48     0     0.0        0.0            52.0               48
11 2021-02-12 00:00:00-05:00    70.0  0.0    0          0    0    0     0     0     0     0.0        0.0            70.0                0
12 2021-02-13 00:00:00-05:00   110.0  0.0    0          0    0    0     0     0     0     0.0        0.0           110.0                0
13 2021-02-14 00:00:00-05:00    20.0  0.0    0          0    0  200     0     0   200   180.0      180.0             0.0              200
14 2021-02-15 00:00:00-05:00    80.0  0.0    0          0    0    0     0     0     0   100.0      100.0             0.0                0
15 2021-02-16 00:00:00-05:00   100.0  0.0    0          0    0    0     0     0     0     0.0        0.0             0.0                0
16 2021-02-17 00:00:00-05:00    20.0  0.0    0          0    0   20    20     0     0     0.0        0.0             0.0               20
17 2021-02-18 00:00:00-05:00    40.0  0.0    0          0    0   36     0    36     0     0.0        0.0             4.0               36
18 2021-02-19 00:00:00-05:00     0.0  0.0    0          0    0    0     0     0     0     0.0        0.0             0.0                0
19 2021-02-20 00:00:00-05:00     0.0  0.0    0          0    0    0     0     0     0     0.0        0.0             0.0                0
20 2021-02-21 00:00:00-05:00     0.0  0.0    0          0    0    0     0     0     0     0.0        0.0             0.0                0
                  startdate                   enddate  volume_exact  volume_upto  ordered_total  srs_and_mso  aop_and_ss_and_avo  net_ss  ignored_demand
0 2021-02-01 00:00:00+00:00 2021-02-08 00:00:00+00:00         349.0         -3.0            308            0               470.0     0.0          -162.0
1 2021-02-08 00:00:00+00:00 2021-02-15 00:00:00+00:00         349.0         -3.0            288            0               450.0     0.0          -162.0
2 2021-02-15 00:00:00+00:00 2021-02-21 00:00:00+00:00          49.0         -2.0             56            0               240.0     0.0          -184.0
