5001@7001
                   startdate                   enddate vendor  rank  volume  soq  srs  mso  buyguide percentage  actual_percentage
0  2021-02-01 00:00:00+00:00 2021-02-08 00:00:00+00:00   6001    -1    -1.0    0  0.0   80                 30.0          25.000000
4  2021-02-01 00:00:00+00:00 2021-02-08 00:00:00+00:00   6002    -1    -1.0   65  0.0   10                 30.0          23.437500
8  2021-02-01 00:00:00+00:00 2021-02-08 00:00:00+00:00   6003    -1    -1.0  165  0.0    0                 40.0          51.562500
1  2021-02-08 00:00:00+00:00 2021-02-15 00:00:00+00:00   6001    -1    -1.0   75  0.0    0                 50.0          33.333333
5  2021-02-08 00:00:00+00:00 2021-02-15 00:00:00+00:00   6002    -1    -1.0   75  0.0    0                 25.0          33.333333
9  2021-02-08 00:00:00+00:00 2021-02-15 00:00:00+00:00   6003    -1    -1.0   75  0.0    0                 25.0          33.333333
2  2021-02-15 00:00:00+00:00 2021-02-22 00:00:00+00:00   6001    -1    -1.0   75  0.0    0                 34.0          33.333333
6  2021-02-15 00:00:00+00:00 2021-02-22 00:00:00+00:00   6002    -1    -1.0   75  0.0    0                 33.0          33.333333
10 2021-02-15 00:00:00+00:00 2021-02-22 00:00:00+00:00   6003    -1    -1.0   75  0.0    0                 33.0          33.333333
3  2021-02-22 00:00:00+00:00 2021-03-01 00:00:00+00:00   6001    -1    -1.0   75  0.0    0                 60.0          33.333333
7  2021-02-22 00:00:00+00:00 2021-03-01 00:00:00+00:00   6002    -1    -1.0   75  0.0    0                 20.0          33.333333
11 2021-02-22 00:00:00+00:00 2021-03-01 00:00:00+00:00   6003    -1    -1.0   75  0.0    0                 20.0          33.333333
                        date  demand    ss  schedrcpt  mso  soq  6001  6002  6003  projoh  projavail  ignored_demand
0  2021-02-01 00:00:00-05:00    43.0  15.0        0.0    0    0     0     0     0     0.0      -15.0            43.0
1  2021-02-02 00:00:00-05:00    57.0  15.0        0.0    0    0     0     0     0     0.0      -15.0            57.0
2  2021-02-03 00:00:00-05:00    34.0  15.0        0.0    0   50     0    20    30    16.0        1.0             0.0
3  2021-02-04 00:00:00-05:00    98.0  15.0        0.0    0  100     0    35    65    18.0        3.0             0.0
4  2021-02-05 00:00:00-05:00    54.0  15.0        0.0    0   55     0    10    45    19.0        4.0             0.0
5  2021-02-06 00:00:00-05:00    61.0  15.0        0.0   80    0     0     0     0    38.0       23.0             0.0
6  2021-02-07 00:00:00-05:00    54.0  15.0        0.0    0   25     0     0    25     9.0       -6.0             0.0
7  2021-02-08 00:00:00-05:00    74.0  20.0        0.0    0   75    40    20    15    10.0      -10.0             0.0
8  2021-02-09 00:00:00-05:00    34.0  20.0        0.0    0   35    15    10    10    11.0       -9.0             0.0
9  2021-02-10 00:00:00-05:00    43.0  20.0        0.0    0   45    20    10    15    13.0       -7.0             0.0
10 2021-02-11 00:00:00-05:00   101.0  20.0        0.0    0   70     0    35    35     0.0      -20.0            18.0
11 2021-02-12 00:00:00-05:00    63.0  20.0        0.0    0    0     0     0     0     0.0      -20.0            63.0
12 2021-02-13 00:00:00-05:00    55.0  20.0        0.0    0    0     0     0     0     0.0      -20.0            55.0
13 2021-02-14 00:00:00-05:00    95.0  20.0        0.0    0    0     0     0     0     0.0      -20.0            95.0
14 2021-02-15 00:00:00-05:00    72.0  10.0        0.0    0   85    30    30    25    13.0        3.0             0.0
15 2021-02-16 00:00:00-05:00    69.0  10.0        0.0    0   70    25    20    25    14.0        4.0             0.0
16 2021-02-17 00:00:00-05:00    70.0  10.0        0.0    0   70    20    25    25    14.0        4.0             0.0
17 2021-02-18 00:00:00-05:00    25.0  10.0        0.0    0    0     0     0     0     0.0      -10.0            11.0
18 2021-02-19 00:00:00-05:00    39.0  10.0        0.0    0    0     0     0     0     0.0      -10.0            39.0
19 2021-02-20 00:00:00-05:00    90.0  10.0        0.0    0    0     0     0     0     0.0      -10.0            90.0
20 2021-02-21 00:00:00-05:00    10.0  10.0        0.0    0    0     0     0     0     0.0      -10.0            10.0
                  startdate                   enddate  volume  ordered_total  srs_and_mso  aop_and_ss  net_ss
0 2021-02-01 00:00:00+00:00 2021-02-08 00:00:00+00:00    -3.0            230         90.0       416.0    15.0
1 2021-02-08 00:00:00+00:00 2021-02-15 00:00:00+00:00    -3.0            225          0.0       470.0     5.0
2 2021-02-15 00:00:00+00:00 2021-02-22 00:00:00+00:00    -3.0            225          0.0       365.0   -10.0
3 2021-02-22 00:00:00+00:00 2021-03-01 00:00:00+00:00    -3.0            225          0.0         0.0     0.0
5002@7001
                  startdate                   enddate vendor  rank  volume  soq  srs  mso  buyguide percentage  actual_percentage
0 2021-02-01 00:00:00+00:00 2021-02-08 00:00:00+00:00   6001    -1    -1.0   72  4.0    0                 50.0          51.351351
4 2021-02-01 00:00:00+00:00 2021-02-08 00:00:00+00:00   6002    -1    -1.0   72  0.0    0                 50.0          48.648649
1 2021-02-08 00:00:00+00:00 2021-02-15 00:00:00+00:00   6001    -1    -1.0   72  0.0    0                 60.0          50.000000
5 2021-02-08 00:00:00+00:00 2021-02-15 00:00:00+00:00   6002    -1    -1.0   72  0.0    0                 40.0          50.000000
2 2021-02-15 00:00:00+00:00 2021-02-22 00:00:00+00:00   6001    -1    -1.0   72  0.0    0                 75.0          50.000000
6 2021-02-15 00:00:00+00:00 2021-02-22 00:00:00+00:00   6002    -1    -1.0   72  0.0    0                 25.0          50.000000
3 2021-02-22 00:00:00+00:00 2021-03-01 00:00:00+00:00   6001    -1    -1.0   72  0.0    0                 60.0          50.000000
7 2021-02-22 00:00:00+00:00 2021-03-01 00:00:00+00:00   6002    -1    -1.0   72  0.0    0                 40.0          50.000000
                        date  demand    ss  schedrcpt  mso  soq  6001  6002  projoh  projavail  ignored_demand
0  2021-02-01 00:00:00-05:00    13.0  15.0        0.0    0    0     0     0     0.0      -15.0            13.0
1  2021-02-02 00:00:00-05:00    54.0  15.0        0.0    0    0     0     0     0.0      -15.0            54.0
2  2021-02-03 00:00:00-05:00    88.0  15.0        0.0    0  104    52    52    16.0        1.0             0.0
3  2021-02-04 00:00:00-05:00    71.0  15.0        0.0    0   40    20    20     0.0      -15.0            15.0
4  2021-02-05 00:00:00-05:00    39.0  15.0        4.0    0    0     0     0     0.0      -15.0            35.0
5  2021-02-06 00:00:00-05:00    95.0  15.0        0.0    0    0     0     0     0.0      -15.0            95.0
6  2021-02-07 00:00:00-05:00    33.0  15.0        0.0    0    0     0     0     0.0      -15.0            33.0
7  2021-02-08 00:00:00-05:00    72.0  20.0        0.0    0   92    56    36    20.0        0.0             0.0
8  2021-02-09 00:00:00-05:00    68.0  20.0        0.0    0   52    16    36     4.0      -16.0             0.0
9  2021-02-10 00:00:00-05:00    68.0  20.0        0.0    0    0     0     0     0.0      -20.0            64.0
10 2021-02-11 00:00:00-05:00    46.0  20.0        0.0    0    0     0     0     0.0      -20.0            46.0
11 2021-02-12 00:00:00-05:00    39.0  20.0        0.0    0    0     0     0     0.0      -20.0            39.0
12 2021-02-13 00:00:00-05:00    96.0  20.0        0.0    0    0     0     0     0.0      -20.0            96.0
13 2021-02-14 00:00:00-05:00    62.0  20.0        0.0    0    0     0     0     0.0      -20.0            62.0
14 2021-02-15 00:00:00-05:00    67.0  10.0        0.0    0   80    60    20    13.0        3.0             0.0
15 2021-02-16 00:00:00-05:00    37.0  10.0        0.0    0   36    12    24    12.0        2.0             0.0
16 2021-02-17 00:00:00-05:00    24.0  10.0        0.0    0   24     0    24    12.0        2.0             0.0
17 2021-02-18 00:00:00-05:00    71.0  10.0        0.0    0    4     0     4     0.0      -10.0            55.0
18 2021-02-19 00:00:00-05:00    89.0  10.0        0.0    0    0     0     0     0.0      -10.0            89.0
19 2021-02-20 00:00:00-05:00    34.0  10.0        0.0    0    0     0     0     0.0      -10.0            34.0
20 2021-02-21 00:00:00-05:00    85.0  10.0        0.0    0    0     0     0     0.0      -10.0            85.0
                  startdate                   enddate  volume  ordered_total  srs_and_mso  aop_and_ss  net_ss
0 2021-02-01 00:00:00+00:00 2021-02-08 00:00:00+00:00    -2.0            144          4.0       408.0    15.0
1 2021-02-08 00:00:00+00:00 2021-02-15 00:00:00+00:00    -2.0            144          0.0       456.0     5.0
2 2021-02-15 00:00:00+00:00 2021-02-22 00:00:00+00:00    -2.0            144          0.0       397.0   -10.0
3 2021-02-22 00:00:00+00:00 2021-03-01 00:00:00+00:00    -2.0            144          0.0         0.0     0.0
