DSI-100.01
2767205770@700011053
   startdate    enddate      vendor  rank  volume_exact  volume_upto  soq  srs  mso  buyguide percentage  actual_percentage  order_total
0 2006-10-30 2006-10-31  4179001502    -1            -1           -1    0    0    0                100.0                  0            0
1 2006-10-31 2006-11-01  4179001502    -1            -1           -1    0    0    0                100.0                  0            0
                        date  demand  ss  avo  schedrcpt  mso  soq  4179001502  projoh  projavail  ignored_demand  incoming_supply
0  2006-10-30 00:00:00-05:00    10.0   0    0          0    0    0           0     0.0        0.0            10.0                0
1  2006-10-31 00:00:00-05:00    10.0   0    0          0    0    0           0     0.0        0.0            10.0                0
2  2006-11-01 00:00:00-05:00    10.0   0    0          0    0   74          74    64.0       64.0             0.0               74
3  2006-11-02 00:00:00-05:00    10.0   0    0          0    0    0           0    54.0       54.0             0.0                0
4  2006-11-03 00:00:00-05:00    10.0   0    0          0    0    0           0    44.0       44.0             0.0                0
5  2006-11-04 00:00:00-05:00    10.0   0    0          0    0    0           0    34.0       34.0             0.0                0
6  2006-11-05 00:00:00-05:00    10.0   0    0          0    0    0           0    24.0       24.0             0.0                0
7  2006-11-06 00:00:00-05:00    12.0   0    0          0    0    0           0    12.0       12.0             0.0                0
8  2006-11-07 00:00:00-05:00    12.0   0    0          0    0    0           0     0.0        0.0             0.0                0
9  2006-11-08 00:00:00-05:00    12.0   0    0          0    0   82          82    70.0       70.0             0.0               82
10 2006-11-09 00:00:00-05:00    12.0   0    0          0    0    0           0    58.0       58.0             0.0                0
11 2006-11-10 00:00:00-05:00    12.0   0    0          0    0    0           0    46.0       46.0             0.0                0
12 2006-11-11 00:00:00-05:00    12.0   0    0          0    0    0           0    34.0       34.0             0.0                0
13 2006-11-12 00:00:00-05:00    12.0   0    0          0    0    0           0    22.0       22.0             0.0                0
14 2006-11-13 00:00:00-05:00    11.0   0    0          0    0    0           0    11.0       11.0             0.0                0
15 2006-11-14 00:00:00-05:00    11.0   0    0          0    0    0           0     0.0        0.0             0.0                0
16 2006-11-15 00:00:00-05:00    11.0   0    0          0    0   65          65    54.0       54.0             0.0               65
17 2006-11-16 00:00:00-05:00    11.0   0    0          0    0    0           0    43.0       43.0             0.0                0
18 2006-11-17 00:00:00-05:00    11.0   0    0          0    0    0           0    32.0       32.0             0.0                0
19 2006-11-18 00:00:00-05:00    11.0   0    0          0    0    0           0    21.0       21.0             0.0                0
20 2006-11-19 00:00:00-05:00    11.0   0    0          0    0    0           0    10.0       10.0             0.0                0
   startdate    enddate  volume_exact  volume_upto  ordered_total  srs_and_mso  aop_and_ss_and_avo  net_ss  ignored_demand
0 2006-10-30 2006-10-31            -1           -1              0            0                10.0       0           -10.0
1 2006-10-31 2006-11-01            -1           -1              0            0                10.0       0           -10.0
2767205771@700011053
   startdate    enddate      vendor  rank  volume_exact  volume_upto  soq  srs  mso  buyguide percentage  actual_percentage  order_total
0 2006-10-30 2006-10-31  4179001502    -1            -1           -1    0    0    0                100.0                  0            0
1 2006-10-31 2006-11-01  4179001502    -1            -1           -1    0    0    0                100.0                  0            0
                        date  demand  ss  avo  schedrcpt  mso  soq  4179001502  projoh  projavail  ignored_demand  incoming_supply
0  2006-10-30 00:00:00-05:00     2.0   0    0          0    0    0           0     0.0        0.0             2.0                0
1  2006-10-31 00:00:00-05:00     2.0   0    0          0    0    0           0     0.0        0.0             2.0                0
2  2006-11-01 00:00:00-05:00     2.0   0    0          0    0   28          28    26.0       26.0             0.0               28
3  2006-11-02 00:00:00-05:00     2.0   0    0          0    0    0           0    24.0       24.0             0.0                0
4  2006-11-03 00:00:00-05:00     2.0   0    0          0    0    0           0    22.0       22.0             0.0                0
5  2006-11-04 00:00:00-05:00     2.0   0    0          0    0    0           0    20.0       20.0             0.0                0
6  2006-11-05 00:00:00-05:00     2.0   0    0          0    0    0           0    18.0       18.0             0.0                0
7  2006-11-06 00:00:00-05:00     9.0   0    0          0    0    0           0     9.0        9.0             0.0                0
8  2006-11-07 00:00:00-05:00     9.0   0    0          0    0    0           0     0.0        0.0             0.0                0
9  2006-11-08 00:00:00-05:00     9.0   0    0          0    0   51          51    42.0       42.0             0.0               51
10 2006-11-09 00:00:00-05:00     9.0   0    0          0    0    0           0    33.0       33.0             0.0                0
11 2006-11-10 00:00:00-05:00     9.0   0    0          0    0    0           0    24.0       24.0             0.0                0
12 2006-11-11 00:00:00-05:00     9.0   0    0          0    0    0           0    15.0       15.0             0.0                0
13 2006-11-12 00:00:00-05:00     9.0   0    0          0    0    0           0     6.0        6.0             0.0                0
14 2006-11-13 00:00:00-05:00     3.0   0    0          0    0    0           0     3.0        3.0             0.0                0
15 2006-11-14 00:00:00-05:00     3.0   0    0          0    0    0           0     0.0        0.0             0.0                0
16 2006-11-15 00:00:00-05:00     3.0   0    0          0    0   23          23    20.0       20.0             0.0               23
17 2006-11-16 00:00:00-05:00     3.0   0    0          0    0    0           0    17.0       17.0             0.0                0
18 2006-11-17 00:00:00-05:00     3.0   0    0          0    0    0           0    14.0       14.0             0.0                0
19 2006-11-18 00:00:00-05:00     3.0   0    0          0    0    0           0    11.0       11.0             0.0                0
20 2006-11-19 00:00:00-05:00     3.0   0    0          0    0    0           0     8.0        8.0             0.0                0
   startdate    enddate  volume_exact  volume_upto  ordered_total  srs_and_mso  aop_and_ss_and_avo  net_ss  ignored_demand
0 2006-10-30 2006-10-31            -1           -1              0            0                 2.0       0            -2.0
1 2006-10-31 2006-11-01            -1           -1              0            0                 2.0       0            -2.0
2767205772@700011053
   startdate    enddate      vendor  rank  volume_exact  volume_upto  soq  srs  mso  buyguide percentage  actual_percentage  order_total
0 2006-10-30 2006-10-31  4179001502    -1            -1           -1    0    0    0                100.0                  0            0
1 2006-10-31 2006-11-01  4179001502    -1            -1           -1    0    0    0                100.0                  0            0
                        date  demand  ss  avo  schedrcpt  mso  soq  4179001502  projoh  projavail  ignored_demand  incoming_supply
0  2006-10-30 00:00:00-05:00     9.0   0    0          0    0    0           0     0.0        0.0             9.0                0
1  2006-10-31 00:00:00-05:00     9.0   0    0          0    0    0           0     0.0        0.0             9.0                0
2  2006-11-01 00:00:00-05:00     9.0   0    0          0    0   51          51    42.0       42.0             0.0               51
3  2006-11-02 00:00:00-05:00     9.0   0    0          0    0    0           0    33.0       33.0             0.0                0
4  2006-11-03 00:00:00-05:00     9.0   0    0          0    0    0           0    24.0       24.0             0.0                0
5  2006-11-04 00:00:00-05:00     9.0   0    0          0    0    0           0    15.0       15.0             0.0                0
6  2006-11-05 00:00:00-05:00     9.0   0    0          0    0    0           0     6.0        6.0             0.0                0
7  2006-11-06 00:00:00-05:00     3.0   0    0          0    0    0           0     3.0        3.0             0.0                0
8  2006-11-07 00:00:00-05:00     3.0   0    0          0    0    0           0     0.0        0.0             0.0                0
9  2006-11-08 00:00:00-05:00     3.0   0    0          0    0   33          33    30.0       30.0             0.0               33
10 2006-11-09 00:00:00-05:00     3.0   0    0          0    0    0           0    27.0       27.0             0.0                0
11 2006-11-10 00:00:00-05:00     3.0   0    0          0    0    0           0    24.0       24.0             0.0                0
12 2006-11-11 00:00:00-05:00     3.0   0    0          0    0    0           0    21.0       21.0             0.0                0
13 2006-11-12 00:00:00-05:00     3.0   0    0          0    0    0           0    18.0       18.0             0.0                0
14 2006-11-13 00:00:00-05:00     9.0   0    0          0    0    0           0     9.0        9.0             0.0                0
15 2006-11-14 00:00:00-05:00     9.0   0    0          0    0    0           0     0.0        0.0             0.0                0
16 2006-11-15 00:00:00-05:00     9.0   0    0          0    0   49          49    40.0       40.0             0.0               49
17 2006-11-16 00:00:00-05:00     9.0   0    0          0    0    0           0    31.0       31.0             0.0                0
18 2006-11-17 00:00:00-05:00     9.0   0    0          0    0    0           0    22.0       22.0             0.0                0
19 2006-11-18 00:00:00-05:00     9.0   0    0          0    0    0           0    13.0       13.0             0.0                0
20 2006-11-19 00:00:00-05:00     9.0   0    0          0    0    0           0     4.0        4.0             0.0                0
   startdate    enddate  volume_exact  volume_upto  ordered_total  srs_and_mso  aop_and_ss_and_avo  net_ss  ignored_demand
0 2006-10-30 2006-10-31            -1           -1              0            0                 9.0       0            -9.0
1 2006-10-31 2006-11-01            -1           -1              0            0                 9.0       0            -9.0
2767205773@700011053
   startdate    enddate      vendor  rank  volume_exact  volume_upto  soq  srs  mso  buyguide percentage  actual_percentage  order_total
0 2006-10-30 2006-10-31  4179001502    -1            -1           -1    0    0    0                100.0                  0            0
1 2006-10-31 2006-11-01  4179001502    -1            -1           -1    0    0    0                100.0                  0            0
                        date  demand  ss  avo  schedrcpt  mso  soq  4179001502  projoh  projavail  ignored_demand  incoming_supply
0  2006-10-30 00:00:00-05:00     5.0   0    0          0    0    0           0     0.0        0.0             5.0                0
1  2006-10-31 00:00:00-05:00     5.0   0    0          0    0    0           0     0.0        0.0             5.0                0
2  2006-11-01 00:00:00-05:00     5.0   0    0          0    0   41          41    36.0       36.0             0.0               41
3  2006-11-02 00:00:00-05:00     5.0   0    0          0    0    0           0    31.0       31.0             0.0                0
4  2006-11-03 00:00:00-05:00     5.0   0    0          0    0    0           0    26.0       26.0             0.0                0
5  2006-11-04 00:00:00-05:00     5.0   0    0          0    0    0           0    21.0       21.0             0.0                0
6  2006-11-05 00:00:00-05:00     5.0   0    0          0    0    0           0    16.0       16.0             0.0                0
7  2006-11-06 00:00:00-05:00     8.0   0    0          0    0    0           0     8.0        8.0             0.0                0
8  2006-11-07 00:00:00-05:00     8.0   0    0          0    0    0           0     0.0        0.0             0.0                0
9  2006-11-08 00:00:00-05:00     8.0   0    0          0    0   44          44    36.0       36.0             0.0               44
10 2006-11-09 00:00:00-05:00     8.0   0    0          0    0    0           0    28.0       28.0             0.0                0
11 2006-11-10 00:00:00-05:00     8.0   0    0          0    0    0           0    20.0       20.0             0.0                0
12 2006-11-11 00:00:00-05:00     8.0   0    0          0    0    0           0    12.0       12.0             0.0                0
13 2006-11-12 00:00:00-05:00     8.0   0    0          0    0    0           0     4.0        4.0             0.0                0
14 2006-11-13 00:00:00-05:00     2.0   0    0          0    0    0           0     2.0        2.0             0.0                0
15 2006-11-14 00:00:00-05:00     2.0   0    0          0    0    0           0     0.0        0.0             0.0                0
16 2006-11-15 00:00:00-05:00     2.0   0    0          0    0   24          24    22.0       22.0             0.0               24
17 2006-11-16 00:00:00-05:00     2.0   0    0          0    0    0           0    20.0       20.0             0.0                0
18 2006-11-17 00:00:00-05:00     2.0   0    0          0    0    0           0    18.0       18.0             0.0                0
19 2006-11-18 00:00:00-05:00     2.0   0    0          0    0    0           0    16.0       16.0             0.0                0
20 2006-11-19 00:00:00-05:00     2.0   0    0          0    0    0           0    14.0       14.0             0.0                0
   startdate    enddate  volume_exact  volume_upto  ordered_total  srs_and_mso  aop_and_ss_and_avo  net_ss  ignored_demand
0 2006-10-30 2006-10-31            -1           -1              0            0                 5.0       0            -5.0
1 2006-10-31 2006-11-01            -1           -1              0            0                 5.0       0            -5.0
2767205774@700011053
   startdate    enddate      vendor  rank  volume_exact  volume_upto  soq  srs  mso  buyguide percentage  actual_percentage  order_total
0 2006-10-30 2006-10-31  4179001502    -1            -1           -1    0    0    0                100.0                  0            0
1 2006-10-31 2006-11-01  4179001502    -1            -1           -1    0    0    0                100.0                  0            0
                        date  demand  ss  avo  schedrcpt  mso  soq  4179001502  projoh  projavail  ignored_demand  incoming_supply
0  2006-10-30 00:00:00-05:00     2.0   0    0          0    0    0           0     0.0        0.0             2.0                0
1  2006-10-31 00:00:00-05:00     2.0   0    0          0    0    0           0     0.0        0.0             2.0                0
2  2006-11-01 00:00:00-05:00     2.0   0    0          0    0   18          18    16.0       16.0             0.0               18
3  2006-11-02 00:00:00-05:00     2.0   0    0          0    0    0           0    14.0       14.0             0.0                0
4  2006-11-03 00:00:00-05:00     2.0   0    0          0    0    0           0    12.0       12.0             0.0                0
5  2006-11-04 00:00:00-05:00     2.0   0    0          0    0    0           0    10.0       10.0             0.0                0
6  2006-11-05 00:00:00-05:00     2.0   0    0          0    0    0           0     8.0        8.0             0.0                0
7  2006-11-06 00:00:00-05:00     4.0   0    0          0    0    0           0     4.0        4.0             0.0                0
8  2006-11-07 00:00:00-05:00     4.0   0    0          0    0    0           0     0.0        0.0             0.0                0
9  2006-11-08 00:00:00-05:00     4.0   0    0          0    0   24          24    20.0       20.0             0.0               24
10 2006-11-09 00:00:00-05:00     4.0   0    0          0    0    0           0    16.0       16.0             0.0                0
11 2006-11-10 00:00:00-05:00     4.0   0    0          0    0    0           0    12.0       12.0             0.0                0
12 2006-11-11 00:00:00-05:00     4.0   0    0          0    0    0           0     8.0        8.0             0.0                0
13 2006-11-12 00:00:00-05:00     4.0   0    0          0    0    0           0     4.0        4.0             0.0                0
14 2006-11-13 00:00:00-05:00     2.0   0    0          0    0    0           0     2.0        2.0             0.0                0
15 2006-11-14 00:00:00-05:00     2.0   0    0          0    0    0           0     0.0        0.0             0.0                0
16 2006-11-15 00:00:00-05:00     2.0   0    0          0    0   26          26    24.0       24.0             0.0               26
17 2006-11-16 00:00:00-05:00     2.0   0    0          0    0    0           0    22.0       22.0             0.0                0
18 2006-11-17 00:00:00-05:00     2.0   0    0          0    0    0           0    20.0       20.0             0.0                0
19 2006-11-18 00:00:00-05:00     2.0   0    0          0    0    0           0    18.0       18.0             0.0                0
20 2006-11-19 00:00:00-05:00     2.0   0    0          0    0    0           0    16.0       16.0             0.0                0
   startdate    enddate  volume_exact  volume_upto  ordered_total  srs_and_mso  aop_and_ss_and_avo  net_ss  ignored_demand
0 2006-10-30 2006-10-31            -1           -1              0            0                 2.0       0            -2.0
1 2006-10-31 2006-11-01            -1           -1              0            0                 2.0       0            -2.0
2767205775@700011053
   startdate    enddate      vendor  rank  volume_exact  volume_upto  soq  srs  mso  buyguide percentage  actual_percentage  order_total
0 2006-10-30 2006-10-31  4179001502    -1            -1           -1    0    0    0                100.0                  0            0
1 2006-10-31 2006-11-01  4179001502    -1            -1           -1    0    0    0                100.0                  0            0
                        date  demand  ss  avo  schedrcpt  mso  soq  4179001502  projoh  projavail  ignored_demand  incoming_supply
0  2006-10-30 00:00:00-05:00     4.0   0    0          0    0    0           0     0.0        0.0             4.0                0
1  2006-10-31 00:00:00-05:00     4.0   0    0          0    0    0           0     0.0        0.0             4.0                0
2  2006-11-01 00:00:00-05:00     4.0   0    0          0    0   24          24    20.0       20.0             0.0               24
3  2006-11-02 00:00:00-05:00     4.0   0    0          0    0    0           0    16.0       16.0             0.0                0
4  2006-11-03 00:00:00-05:00     4.0   0    0          0    0    0           0    12.0       12.0             0.0                0
5  2006-11-04 00:00:00-05:00     4.0   0    0          0    0    0           0     8.0        8.0             0.0                0
6  2006-11-05 00:00:00-05:00     4.0   0    0          0    0    0           0     4.0        4.0             0.0                0
7  2006-11-06 00:00:00-05:00     2.0   0    0          0    0    0           0     2.0        2.0             0.0                0
8  2006-11-07 00:00:00-05:00     2.0   0    0          0    0    0           0     0.0        0.0             0.0                0
9  2006-11-08 00:00:00-05:00     2.0   0    0          0    0   28          28    26.0       26.0             0.0               28
10 2006-11-09 00:00:00-05:00     2.0   0    0          0    0    0           0    24.0       24.0             0.0                0
11 2006-11-10 00:00:00-05:00     2.0   0    0          0    0    0           0    22.0       22.0             0.0                0
12 2006-11-11 00:00:00-05:00     2.0   0    0          0    0    0           0    20.0       20.0             0.0                0
13 2006-11-12 00:00:00-05:00     2.0   0    0          0    0    0           0    18.0       18.0             0.0                0
14 2006-11-13 00:00:00-05:00     9.0   0    0          0    0    0           0     9.0        9.0             0.0                0
15 2006-11-14 00:00:00-05:00     9.0   0    0          0    0    0           0     0.0        0.0             0.0                0
16 2006-11-15 00:00:00-05:00     9.0   0    0          0    0   53          53    44.0       44.0             0.0               53
17 2006-11-16 00:00:00-05:00     9.0   0    0          0    0    0           0    35.0       35.0             0.0                0
18 2006-11-17 00:00:00-05:00     9.0   0    0          0    0    0           0    26.0       26.0             0.0                0
19 2006-11-18 00:00:00-05:00     9.0   0    0          0    0    0           0    17.0       17.0             0.0                0
20 2006-11-19 00:00:00-05:00     9.0   0    0          0    0    0           0     8.0        8.0             0.0                0
   startdate    enddate  volume_exact  volume_upto  ordered_total  srs_and_mso  aop_and_ss_and_avo  net_ss  ignored_demand
0 2006-10-30 2006-10-31            -1           -1              0            0                 4.0       0            -4.0
1 2006-10-31 2006-11-01            -1           -1              0            0                 4.0       0            -4.0
