50490
5001@7001
                  startdate                   enddate vendor  rank  volume_exact  volume_upto  soq  srs  mso  buyguide percentage  actual_percentage  order_total
0 2021-02-01 00:00:00+00:00 2021-02-08 00:00:00+00:00   6001     1         150.0         -1.0  150    0    0                 -1.0          36.585366          410
3 2021-02-01 00:00:00+00:00 2021-02-08 00:00:00+00:00   6002     1         120.0         -1.0  120    0    0                 -1.0          29.268293          410
6 2021-02-01 00:00:00+00:00 2021-02-08 00:00:00+00:00   6003     2          -1.0         -1.0  140    0    0                 -1.0          34.146341          410
1 2021-02-08 00:00:00+00:00 2021-02-15 00:00:00+00:00   6001     1         150.0         -1.0  130    0    0                 -1.0          28.888889          450
4 2021-02-08 00:00:00+00:00 2021-02-15 00:00:00+00:00   6002     1         120.0         -1.0  120    0    0                 -1.0          26.666667          450
7 2021-02-08 00:00:00+00:00 2021-02-15 00:00:00+00:00   6003     2          -1.0         -1.0  200    0    0                 -1.0          44.444444          450
2 2021-02-15 00:00:00+00:00 2021-02-21 00:00:00+00:00   6001     1         150.0         -1.0   60    0    0                 -1.0          33.333333          180
5 2021-02-15 00:00:00+00:00 2021-02-21 00:00:00+00:00   6002     1         120.0         -1.0  120    0    0                 -1.0          66.666667          180
                        date  demand   ss  avo  schedrcpt  mso  soq  6002  6003  6001  projoh  projavail  ignored_demand  incoming_supply
0  2021-02-01 00:00:00-05:00    60.0  0.0    0          0    0    0     0     0     0     0.0        0.0            60.0                0
1  2021-02-02 00:00:00-05:00    70.0  0.0    0          0    0   70    70     0     0     0.0        0.0             0.0               70
2  2021-02-03 00:00:00-05:00   100.0  0.0    0          0    0  100     0     0   100     0.0        0.0             0.0              100
3  2021-02-04 00:00:00-05:00    40.0  0.0    0          0    0   40    40     0     0     0.0        0.0             0.0               40
4  2021-02-05 00:00:00-05:00    60.0  0.0    0          0    0   60    10     0    50     0.0        0.0             0.0               60
5  2021-02-06 00:00:00-05:00    90.0  0.0    0          0    0   90     0    90     0     0.0        0.0             0.0               90
6  2021-02-07 00:00:00-05:00    50.0  0.0    0          0    0   50     0    50     0     0.0        0.0             0.0               50
7  2021-02-08 00:00:00-05:00    30.0  0.0    0          0    0   30    30     0     0     0.0        0.0             0.0               30
8  2021-02-09 00:00:00-05:00    80.0  0.0    0          0    0   80    80     0     0     0.0        0.0             0.0               80
9  2021-02-10 00:00:00-05:00    40.0  0.0    0          0    0   40     0     0    40     0.0        0.0             0.0               40
10 2021-02-11 00:00:00-05:00   100.0  0.0    0          0    0  100    10    90     0     0.0        0.0             0.0              100
11 2021-02-12 00:00:00-05:00    70.0  0.0    0          0    0   70     0     0    70     0.0        0.0             0.0               70
12 2021-02-13 00:00:00-05:00   110.0  0.0    0          0    0  110     0   110     0     0.0        0.0             0.0              110
13 2021-02-14 00:00:00-05:00    20.0  0.0    0          0    0   20     0     0    20     0.0        0.0             0.0               20
14 2021-02-15 00:00:00-05:00    80.0  0.0    0          0    0   80    80     0     0     0.0        0.0             0.0               80
15 2021-02-16 00:00:00-05:00   100.0  0.0    0          0    0   40    40     0     0     0.0        0.0            60.0               40
16 2021-02-17 00:00:00-05:00    20.0  0.0    0          0    0   60     0     0    60    40.0       40.0             0.0               60
17 2021-02-18 00:00:00-05:00    40.0  0.0    0          0    0    0     0     0     0     0.0        0.0             0.0                0
18 2021-02-19 00:00:00-05:00     0.0  0.0    0          0    0    0     0     0     0     0.0        0.0             0.0                0
19 2021-02-20 00:00:00-05:00     0.0  0.0    0          0    0    0     0     0     0     0.0        0.0             0.0                0
20 2021-02-21 00:00:00-05:00     0.0  0.0    0          0    0    0     0     0     0     0.0        0.0             0.0                0
                  startdate                   enddate  volume_exact  volume_upto  ordered_total  srs_and_mso  aop_and_ss_and_avo  net_ss  ignored_demand
0 2021-02-01 00:00:00+00:00 2021-02-08 00:00:00+00:00         269.0         -3.0            410            0               470.0     0.0           -60.0
1 2021-02-08 00:00:00+00:00 2021-02-15 00:00:00+00:00         269.0         -3.0            450            0               450.0     0.0             0.0
2 2021-02-15 00:00:00+00:00 2021-02-21 00:00:00+00:00         270.0         -2.0            180            0               240.0     0.0           -60.0
