50404



5001@7001
                   startdate                   enddate vendor  rank  volume_exact  volume_upto  soq  srs  mso  buyguide percentage  actual_percentage  order_total
0  2021-02-01 00:00:00+00:00 2021-02-08 00:00:00+00:00   6001     1         100.0         -1.0  100    0    0                 -1.0          33.333333          300
4  2021-02-01 00:00:00+00:00 2021-02-08 00:00:00+00:00   6002     2         100.0         -1.0  100    0    0                 -1.0          33.333333          300
8  2021-02-01 00:00:00+00:00 2021-02-08 00:00:00+00:00   6003     3         100.0         -1.0  100    0    0                 -1.0          33.333333          300
1  2021-02-08 00:00:00+00:00 2021-02-15 00:00:00+00:00   6001     1         100.0         -1.0  100    0    0                 -1.0          21.505376          465
5  2021-02-08 00:00:00+00:00 2021-02-15 00:00:00+00:00   6002     2         100.0         -1.0  100    0    0                 -1.0          21.505376          465
9  2021-02-08 00:00:00+00:00 2021-02-15 00:00:00+00:00   6003     3         265.0         -1.0  265    0    0                 -1.0          56.989247          465
2  2021-02-15 00:00:00+00:00 2021-02-22 00:00:00+00:00   6001     1         100.0         -1.0  100    0    0                 -1.0          26.666667          375
6  2021-02-15 00:00:00+00:00 2021-02-22 00:00:00+00:00   6002     2         100.0         -1.0  100    0    0                 -1.0          26.666667          375
10 2021-02-15 00:00:00+00:00 2021-02-22 00:00:00+00:00   6003     3         175.0         -1.0  175    0    0                 -1.0          46.666667          375
3  2021-02-22 00:00:00+00:00 2021-03-01 00:00:00+00:00   6001     1         100.0         -1.0  100    0    0                 -1.0          20.242915          494
7  2021-02-22 00:00:00+00:00 2021-03-01 00:00:00+00:00   6002     2         100.0         -1.0  100    0    0                 -1.0          20.242915          494
11 2021-02-22 00:00:00+00:00 2021-03-01 00:00:00+00:00   6003     3         295.0         -1.0  294    0    0                 -1.0          59.514170          494
                        date  demand    ss  avo  schedrcpt  mso  soq  6003  6002  6001  projoh  projavail  ignored_demand  incoming_supply
0  2021-02-01 00:00:00-05:00    43.0  15.0    0        4.0    0    0     0     0     0     0.0      -15.0            39.0                0
1  2021-02-02 00:00:00-05:00    57.0  15.0    0        0.0    0   72    72     0     0    15.0        0.0             0.0               72
2  2021-02-03 00:00:00-05:00    34.0  15.0    0        0.0    0   28    28     0     0     9.0       -6.0             0.0               28
3  2021-02-04 00:00:00-05:00    98.0  15.0    0        0.0    0  100     0   100     0    11.0       -4.0             0.0              100
4  2021-02-05 00:00:00-05:00    54.0  15.0    0        0.0    0    0     0     0     0     0.0      -15.0            43.0                0
5  2021-02-06 00:00:00-05:00    61.0  15.0    0        0.0    0  100     0     0   100    39.0       24.0             0.0              100
6  2021-02-07 00:00:00-05:00    54.0  15.0    0        0.0    0    0     0     0     0     0.0      -15.0            15.0                0
7  2021-02-08 00:00:00-05:00    74.0  20.0    0        0.0    0  100     0     0   100    26.0        6.0             0.0              100
8  2021-02-09 00:00:00-05:00    34.0  20.0    0        0.0    0   28    28     0     0    20.0        0.0             0.0               28
9  2021-02-10 00:00:00-05:00    43.0  20.0    0        0.0    0   43    43     0     0    20.0        0.0             0.0               43
10 2021-02-11 00:00:00-05:00   101.0  20.0    0        0.0    0  101     1   100     0    20.0        0.0             0.0              101
11 2021-02-12 00:00:00-05:00    63.0  20.0    0        0.0    0   63    63     0     0    20.0        0.0             0.0               63
12 2021-02-13 00:00:00-05:00    55.0  20.0    0        0.0    0   55    55     0     0    20.0        0.0             0.0               55
13 2021-02-14 00:00:00-05:00    95.0  20.0    0        0.0    0   75    75     0     0     0.0      -20.0             0.0               75
14 2021-02-15 00:00:00-05:00    72.0  10.0    0        0.0    0   82     0     0    82    10.0        0.0             0.0               82
15 2021-02-16 00:00:00-05:00    69.0  10.0    0        0.0    0   69    69     0     0    10.0        0.0             0.0               69
16 2021-02-17 00:00:00-05:00    70.0  10.0    0        0.0    0   70    52     0    18    10.0        0.0             0.0               70
17 2021-02-18 00:00:00-05:00    25.0  10.0    0        0.0    0   25     0    25     0    10.0        0.0             0.0               25
18 2021-02-19 00:00:00-05:00    39.0  10.0    0        0.0    0   39    39     0     0    10.0        0.0             0.0               39
19 2021-02-20 00:00:00-05:00    90.0  10.0    0        0.0    0   90    15    75     0    10.0        0.0             0.0               90
20 2021-02-21 00:00:00-05:00    10.0  10.0    0        0.0    0    0     0     0     0     0.0      -10.0             0.0                0
                  startdate                   enddate  volume_exact  volume_upto  ordered_total  srs_and_mso  aop_and_ss_and_avo  net_ss  ignored_demand
0 2021-02-01 00:00:00+00:00 2021-02-08 00:00:00+00:00         300.0         -3.0            300            0               416.0    15.0          -116.0
1 2021-02-08 00:00:00+00:00 2021-02-15 00:00:00+00:00         465.0         -3.0            465            0               470.0     5.0            -5.0
2 2021-02-15 00:00:00+00:00 2021-02-22 00:00:00+00:00         375.0         -3.0            375            0               365.0   -10.0            10.0
3 2021-02-22 00:00:00+00:00 2021-03-01 00:00:00+00:00         495.0         -3.0            494            0                 0.0     0.0           494.0
5002@7001
                  startdate                   enddate vendor  rank  volume_exact  volume_upto  soq  srs  mso  buyguide percentage  actual_percentage  order_total
0 2021-02-01 00:00:00+00:00 2021-02-08 00:00:00+00:00   6001     1         200.0         -1.0  128    0    0                 -1.0          50.592885          253
4 2021-02-01 00:00:00+00:00 2021-02-08 00:00:00+00:00   6002     2         200.0         -1.0  125    0    0                 -1.0          49.407115          253
1 2021-02-08 00:00:00+00:00 2021-02-15 00:00:00+00:00   6001     1         200.0         -1.0  200    0    0                 -1.0          44.444444          450
5 2021-02-08 00:00:00+00:00 2021-02-15 00:00:00+00:00   6002     2         250.0         -1.0  250    0    0                 -1.0          55.555556          450
2 2021-02-15 00:00:00+00:00 2021-02-22 00:00:00+00:00   6001     1         200.0         -1.0  200    0    0                 -1.0          49.627792          403
6 2021-02-15 00:00:00+00:00 2021-02-22 00:00:00+00:00   6002     2         210.0         -1.0  203    0    0                 -1.0          50.372208          403
3 2021-02-22 00:00:00+00:00 2021-03-01 00:00:00+00:00   6001     1         200.0         -1.0  200    0    0                 -1.0          53.050398          377
7 2021-02-22 00:00:00+00:00 2021-03-01 00:00:00+00:00   6002     2         200.0         -1.0  177    0    0                 -1.0          46.949602          377
                        date  demand    ss  avo  schedrcpt  mso  soq  6002  6001  projoh  projavail  ignored_demand  incoming_supply
0  2021-02-01 00:00:00-05:00    13.0  15.0    0        4.0    0    0     0     0     0.0      -15.0             9.0                0
1  2021-02-02 00:00:00-05:00    54.0  15.0    0        0.0    0    0     0     0     0.0      -15.0            54.0                0
2  2021-02-03 00:00:00-05:00    88.0  15.0    0        0.0    0    0     0     0     0.0      -15.0            88.0                0
3  2021-02-04 00:00:00-05:00    71.0  15.0    0        0.0    0  125   125     0    54.0       39.0             0.0              125
4  2021-02-05 00:00:00-05:00    39.0  15.0    0        0.0    0    0     0     0    15.0        0.0             0.0                0
5  2021-02-06 00:00:00-05:00    95.0  15.0    0        0.0    0  128     0   128    48.0       33.0             0.0              128
6  2021-02-07 00:00:00-05:00    33.0  15.0    0        0.0    0    0     0     0    15.0        0.0             0.0                0
7  2021-02-08 00:00:00-05:00    72.0  20.0    0        0.0    0  145     0   145    88.0       68.0             0.0              145
8  2021-02-09 00:00:00-05:00    68.0  20.0    0        0.0    0    0     0     0    20.0        0.0             0.0                0
9  2021-02-10 00:00:00-05:00    68.0  20.0    0        0.0    0   55     0    55     7.0      -13.0             0.0               55
10 2021-02-11 00:00:00-05:00    46.0  20.0    0        0.0    0  100   100     0    61.0       41.0             0.0              100
11 2021-02-12 00:00:00-05:00    39.0  20.0    0        0.0    0    0     0     0    22.0        2.0             0.0                0
12 2021-02-13 00:00:00-05:00    96.0  20.0    0        0.0    0  150   150     0    76.0       56.0             0.0              150
13 2021-02-14 00:00:00-05:00    62.0  20.0    0        0.0    0    0     0     0    14.0       -6.0             0.0                0
14 2021-02-15 00:00:00-05:00    67.0  10.0    0        0.0    0  100     0   100    47.0       37.0             0.0              100
15 2021-02-16 00:00:00-05:00    37.0  10.0    0        0.0    0    0     0     0    10.0        0.0             0.0                0
16 2021-02-17 00:00:00-05:00    24.0  10.0    0        0.0    0   24     0    24    10.0        0.0             0.0               24
17 2021-02-18 00:00:00-05:00    71.0  10.0    0        0.0    0  160   160     0    99.0       89.0             0.0              160
18 2021-02-19 00:00:00-05:00    89.0  10.0    0        0.0    0    0     0     0    10.0        0.0             0.0                0
19 2021-02-20 00:00:00-05:00    34.0  10.0    0        0.0    0  119    43    76    95.0       85.0             0.0              119
20 2021-02-21 00:00:00-05:00    85.0  10.0    0        0.0    0    0     0     0    10.0        0.0             0.0                0
                  startdate                   enddate  volume_exact  volume_upto  ordered_total  srs_and_mso  aop_and_ss_and_avo  net_ss  ignored_demand
0 2021-02-01 00:00:00+00:00 2021-02-08 00:00:00+00:00         400.0         -2.0            253            0               408.0    15.0          -155.0
1 2021-02-08 00:00:00+00:00 2021-02-15 00:00:00+00:00         450.0         -2.0            450            0               456.0     5.0            -6.0
2 2021-02-15 00:00:00+00:00 2021-02-22 00:00:00+00:00         410.0         -2.0            403            0               397.0   -10.0             6.0
3 2021-02-22 00:00:00+00:00 2021-03-01 00:00:00+00:00         400.0         -2.0            377            0                 0.0     0.0           377.0
