5001@7001
                   startdate                   enddate vendor  rank  volume  soq  srs  mso  buyguide percentage  actual_percentage
0  2021-02-01 00:00:00+00:00 2021-02-08 00:00:00+00:00   6001    -1    -1.0  140    0    0                 30.0          32.558140
4  2021-02-01 00:00:00+00:00 2021-02-08 00:00:00+00:00   6002    -1    -1.0  145    0    0                 30.0          33.720930
8  2021-02-01 00:00:00+00:00 2021-02-08 00:00:00+00:00   6003    -1    -1.0  145    0    0                 40.0          33.720930
1  2021-02-08 00:00:00+00:00 2021-02-15 00:00:00+00:00   6001    -1    -1.0  170    0    0                 25.0          34.693878
5  2021-02-08 00:00:00+00:00 2021-02-15 00:00:00+00:00   6002    -1    -1.0  175    0    0                 25.0          35.714286
9  2021-02-08 00:00:00+00:00 2021-02-15 00:00:00+00:00   6003    -1    -1.0  145    0    0                 50.0          29.591837
2  2021-02-15 00:00:00+00:00 2021-02-22 00:00:00+00:00   6001    -1    -1.0  185    0    0                 50.0          48.684211
6  2021-02-15 00:00:00+00:00 2021-02-22 00:00:00+00:00   6002    -1    -1.0   95    0    0                 25.0          25.000000
10 2021-02-15 00:00:00+00:00 2021-02-22 00:00:00+00:00   6003    -1    -1.0  100    0    0                 25.0          26.315789
3  2021-02-22 00:00:00+00:00 2021-03-01 00:00:00+00:00   6001    -1    -1.0  165    0    0                 50.0          45.833333
7  2021-02-22 00:00:00+00:00 2021-03-01 00:00:00+00:00   6002    -1    -1.0  110    0    0                 25.0          30.555556
11 2021-02-22 00:00:00+00:00 2021-03-01 00:00:00+00:00   6003    -1    -1.0   85    0    0                 25.0          23.611111
                        date  demand    ss  schedrcpt  mso  soq  6003  6001  6002  projoh  projavail  ignored_demand
0  2021-02-01 00:00:00-05:00    43.0  15.0        4.0    0    0     0     0     0     0.0      -15.0            39.0
1  2021-02-02 00:00:00-05:00    57.0  15.0        0.0    0    0     0     0     0     0.0      -15.0            57.0
2  2021-02-03 00:00:00-05:00    34.0  15.0        0.0    0  150   145     0     5   116.0      101.0             0.0
3  2021-02-04 00:00:00-05:00    98.0  15.0        0.0    0    0     0     0     0    18.0        3.0             0.0
4  2021-02-05 00:00:00-05:00    54.0  15.0        0.0    0  115     0    60    55    79.0       64.0             0.0
5  2021-02-06 00:00:00-05:00    61.0  15.0        0.0    0    0     0     0     0    18.0        3.0             0.0
6  2021-02-07 00:00:00-05:00    54.0  15.0        0.0    0  165     0    80    85   129.0      114.0             0.0
7  2021-02-08 00:00:00-05:00    74.0  20.0        0.0    0    0     0     0     0    55.0       35.0             0.0
8  2021-02-09 00:00:00-05:00    34.0  20.0        0.0    0    0     0     0     0    21.0        1.0             0.0
9  2021-02-10 00:00:00-05:00    43.0  20.0        0.0    0  215   145    35    35   193.0      173.0             0.0
10 2021-02-11 00:00:00-05:00   101.0  20.0        0.0    0    0     0     0     0    92.0       72.0             0.0
11 2021-02-12 00:00:00-05:00    63.0  20.0        0.0    0   50     0    25    25    79.0       59.0             0.0
12 2021-02-13 00:00:00-05:00    55.0  20.0        0.0    0    0     0     0     0    24.0        4.0             0.0
13 2021-02-14 00:00:00-05:00    95.0  20.0        0.0    0  225     0   110   115   154.0      134.0             0.0
14 2021-02-15 00:00:00-05:00    72.0  10.0        0.0    0    0     0     0     0    82.0       72.0             0.0
15 2021-02-16 00:00:00-05:00    69.0  10.0        0.0    0    0     0     0     0    13.0        3.0             0.0
16 2021-02-17 00:00:00-05:00    70.0  10.0        0.0    0  130   100    15    15    73.0       63.0             0.0
17 2021-02-18 00:00:00-05:00    25.0  10.0        0.0    0    0     0     0     0    48.0       38.0             0.0
18 2021-02-19 00:00:00-05:00    39.0  10.0        0.0    0  105     0    70    35   114.0      104.0             0.0
19 2021-02-20 00:00:00-05:00    90.0  10.0        0.0    0    0     0     0     0    24.0       14.0             0.0
20 2021-02-21 00:00:00-05:00    10.0  10.0        0.0    0  145     0   100    45   159.0      149.0             0.0
                  startdate                   enddate  volume  ordered_total  srs_and_mso  aop_and_ss  net_ss
0 2021-02-01 00:00:00+00:00 2021-02-08 00:00:00+00:00    -3.0            430            0       416.0    15.0
1 2021-02-08 00:00:00+00:00 2021-02-15 00:00:00+00:00    -3.0            490            0       470.0     5.0
2 2021-02-15 00:00:00+00:00 2021-02-22 00:00:00+00:00    -3.0            380            0       365.0   -10.0
3 2021-02-22 00:00:00+00:00 2021-03-01 00:00:00+00:00    -3.0            360            0         0.0     0.0
5002@7001
                  startdate                   enddate vendor  rank  volume  soq  srs  mso  buyguide percentage  actual_percentage
0 2021-02-01 00:00:00+00:00 2021-02-08 00:00:00+00:00   6001    -1    -1.0  316    0    0                 65.0          64.754098
4 2021-02-01 00:00:00+00:00 2021-02-08 00:00:00+00:00   6002    -1    -1.0  172    0    0                 35.0          35.245902
1 2021-02-08 00:00:00+00:00 2021-02-15 00:00:00+00:00   6001    -1    -1.0  260    0    0                 65.0          64.356436
5 2021-02-08 00:00:00+00:00 2021-02-15 00:00:00+00:00   6002    -1    -1.0  144    0    0                 35.0          35.643564
2 2021-02-15 00:00:00+00:00 2021-02-22 00:00:00+00:00   6001    -1    -1.0  252    0    0                 65.0          64.948454
6 2021-02-15 00:00:00+00:00 2021-02-22 00:00:00+00:00   6002    -1    -1.0  136    0    0                 35.0          35.051546
3 2021-02-22 00:00:00+00:00 2021-03-01 00:00:00+00:00   6001    -1    -1.0  188    0    0                 65.0          61.038961
7 2021-02-22 00:00:00+00:00 2021-03-01 00:00:00+00:00   6002    -1    -1.0  120    0    0                 35.0          38.961039
                        date  demand    ss  schedrcpt  mso  soq  6001  6002  projoh  projavail  ignored_demand
0  2021-02-01 00:00:00-05:00    13.0  15.0        4.0    0    0     0     0     0.0      -15.0             9.0
1  2021-02-02 00:00:00-05:00    54.0  15.0        0.0    0    0     0     0     0.0      -15.0            54.0
2  2021-02-03 00:00:00-05:00    88.0  15.0        0.0    0  176   112    64    88.0       73.0             0.0
3  2021-02-04 00:00:00-05:00    71.0  15.0        0.0    0    0     0     0    17.0        2.0             0.0
4  2021-02-05 00:00:00-05:00    39.0  15.0        0.0    0  132    88    44   110.0       95.0             0.0
5  2021-02-06 00:00:00-05:00    95.0  15.0        0.0    0    0     0     0    15.0        0.0             0.0
6  2021-02-07 00:00:00-05:00    33.0  15.0        0.0    0  180   116    64   162.0      147.0             0.0
7  2021-02-08 00:00:00-05:00    72.0  20.0        0.0    0    0     0     0    90.0       70.0             0.0
8  2021-02-09 00:00:00-05:00    68.0  20.0        0.0    0    0     0     0    22.0        2.0             0.0
9  2021-02-10 00:00:00-05:00    68.0  20.0        0.0    0  156   100    56   110.0       90.0             0.0
10 2021-02-11 00:00:00-05:00    46.0  20.0        0.0    0    0     0     0    64.0       44.0             0.0
11 2021-02-12 00:00:00-05:00    39.0  20.0        0.0    0   92    60    32   117.0       97.0             0.0
12 2021-02-13 00:00:00-05:00    96.0  20.0        0.0    0    0     0     0    21.0        1.0             0.0
13 2021-02-14 00:00:00-05:00    62.0  20.0        0.0    0  156   100    56   115.0       95.0             0.0
14 2021-02-15 00:00:00-05:00    67.0  10.0        0.0    0    0     0     0    48.0       38.0             0.0
15 2021-02-16 00:00:00-05:00    37.0  10.0        0.0    0    0     0     0    11.0        1.0             0.0
16 2021-02-17 00:00:00-05:00    24.0  10.0        0.0    0  108    64    44    95.0       85.0             0.0
17 2021-02-18 00:00:00-05:00    71.0  10.0        0.0    0    0     0     0    24.0       14.0             0.0
18 2021-02-19 00:00:00-05:00    89.0  10.0        0.0    0  196   128    68   131.0      121.0             0.0
19 2021-02-20 00:00:00-05:00    34.0  10.0        0.0    0    0     0     0    97.0       87.0             0.0
20 2021-02-21 00:00:00-05:00    85.0  10.0        0.0    0   84    60    24    96.0       86.0             0.0
                  startdate                   enddate  volume  ordered_total  srs_and_mso  aop_and_ss  net_ss
0 2021-02-01 00:00:00+00:00 2021-02-08 00:00:00+00:00    -2.0            488            0       408.0    15.0
1 2021-02-08 00:00:00+00:00 2021-02-15 00:00:00+00:00    -2.0            404            0       456.0     5.0
2 2021-02-15 00:00:00+00:00 2021-02-22 00:00:00+00:00    -2.0            388            0       397.0   -10.0
3 2021-02-22 00:00:00+00:00 2021-03-01 00:00:00+00:00    -2.0            308            0         0.0     0.0
