50142



5001@7001
                   startdate                   enddate vendor  rank  volume_exact  volume_upto  soq    srs  mso  buyguide percentage  actual_percentage  order_total
0  2021-02-01 00:00:00+00:00 2021-02-08 00:00:00+00:00   6001    -1          -1.0         -1.0  120    0.0    0                 30.0          30.379747        395.0
4  2021-02-01 00:00:00+00:00 2021-02-08 00:00:00+00:00   6002    -1          -1.0         -1.0  110    0.0    0                 30.0          27.848101        395.0
8  2021-02-01 00:00:00+00:00 2021-02-08 00:00:00+00:00   6003    -1          -1.0         -1.0  165    0.0    0                 40.0          41.772152        395.0
1  2021-02-08 00:00:00+00:00 2021-02-15 00:00:00+00:00   6001    -1          -1.0         -1.0   40  100.0    0                 25.0          25.000000        560.0
5  2021-02-08 00:00:00+00:00 2021-02-15 00:00:00+00:00   6002    -1          -1.0         -1.0  135    0.0    0                 25.0          24.107143        560.0
9  2021-02-08 00:00:00+00:00 2021-02-15 00:00:00+00:00   6003    -1          -1.0         -1.0  285    0.0    0                 50.0          50.892857        560.0
2  2021-02-15 00:00:00+00:00 2021-02-22 00:00:00+00:00   6001    -1          -1.0         -1.0  205    0.0    0                 50.0          50.617284        405.0
6  2021-02-15 00:00:00+00:00 2021-02-22 00:00:00+00:00   6002    -1          -1.0         -1.0  100    0.0    0                 25.0          24.691358        405.0
10 2021-02-15 00:00:00+00:00 2021-02-22 00:00:00+00:00   6003    -1          -1.0         -1.0  100    0.0    0                 25.0          24.691358        405.0
3  2021-02-22 00:00:00+00:00 2021-03-01 00:00:00+00:00   6001    -1          -1.0         -1.0  125    0.0    0                 50.0          52.083333        240.0
7  2021-02-22 00:00:00+00:00 2021-03-01 00:00:00+00:00   6002    -1          -1.0         -1.0   60    0.0    0                 25.0          25.000000        240.0
11 2021-02-22 00:00:00+00:00 2021-03-01 00:00:00+00:00   6003    -1          -1.0         -1.0   55    0.0    0                 25.0          22.916667        240.0
                        date  demand    ss  avo  schedrcpt  mso  soq  6001  6002  6003  projoh  projavail  ignored_demand  incoming_supply
0  2021-02-01 00:00:00-05:00    43.0  15.0    0        0.0    0    0     0     0     0     0.0      -15.0            43.0                0
1  2021-02-02 00:00:00-05:00    57.0  15.0    0        0.0    0    0     0     0     0     0.0      -15.0            57.0                0
2  2021-02-03 00:00:00-05:00    34.0  15.0    0        0.0    0    0     0     0     0     0.0      -15.0            34.0                0
3  2021-02-04 00:00:00-05:00    98.0  15.0    0        0.0    0  170    55    50    65    72.0       57.0             0.0              170
4  2021-02-05 00:00:00-05:00    54.0  15.0    0        0.0    0    0     0     0     0    18.0        3.0             0.0                0
5  2021-02-06 00:00:00-05:00    61.0  15.0    0        0.0    0  225    65    60   100   182.0      167.0             0.0              225
6  2021-02-07 00:00:00-05:00    54.0  15.0    0        0.0    0    0     0     0     0   128.0      113.0             0.0                0
7  2021-02-08 00:00:00-05:00    74.0  20.0    0        0.0    0    0     0     0     0    54.0       34.0             0.0                0
8  2021-02-09 00:00:00-05:00    34.0  20.0    0        0.0    0    0     0     0     0    20.0        0.0             0.0                0
9  2021-02-10 00:00:00-05:00    43.0  20.0    0      100.0    0    0     0     0     0    77.0       57.0             0.0                0
10 2021-02-11 00:00:00-05:00   101.0  20.0    0        0.0    0  110     0    35    75    86.0       66.0             0.0              110
11 2021-02-12 00:00:00-05:00    63.0  20.0    0        0.0    0    0     0     0     0    23.0        3.0             0.0                0
12 2021-02-13 00:00:00-05:00    55.0  20.0    0        0.0    0  350    40   100   210   318.0      298.0             0.0              350
13 2021-02-14 00:00:00-05:00    95.0  20.0    0        0.0    0    0     0     0     0   223.0      203.0             0.0                0
14 2021-02-15 00:00:00-05:00    72.0  10.0    0        0.0    0    0     0     0     0   151.0      141.0             0.0                0
15 2021-02-16 00:00:00-05:00    69.0  10.0    0        0.0    0    0     0     0     0    82.0       72.0             0.0                0
16 2021-02-17 00:00:00-05:00    70.0  10.0    0        0.0    0    0     0     0     0    12.0        2.0             0.0                0
17 2021-02-18 00:00:00-05:00    25.0  10.0    0        0.0    0   65    35    15    15    52.0       42.0             0.0               65
18 2021-02-19 00:00:00-05:00    39.0  10.0    0        0.0    0    0     0     0     0    13.0        3.0             0.0                0
19 2021-02-20 00:00:00-05:00    90.0  10.0    0        0.0    0  340   170    85    85   263.0      253.0             0.0              340
20 2021-02-21 00:00:00-05:00    10.0  10.0    0        0.0    0    0     0     0     0   253.0      243.0             0.0                0
                  startdate                   enddate  volume_exact  volume_upto  ordered_total  srs_and_mso  aop_and_ss_and_avo  net_ss  ignored_demand
0 2021-02-01 00:00:00+00:00 2021-02-08 00:00:00+00:00          -3.0         -3.0            395          0.0               416.0    15.0           -21.0
1 2021-02-08 00:00:00+00:00 2021-02-15 00:00:00+00:00          -3.0         -3.0            460        100.0               470.0     5.0            90.0
2 2021-02-15 00:00:00+00:00 2021-02-22 00:00:00+00:00          -3.0         -3.0            405          0.0               365.0   -10.0            40.0
3 2021-02-22 00:00:00+00:00 2021-03-01 00:00:00+00:00          -3.0         -3.0            240          0.0                 0.0     0.0           240.0
