5001@7001
                  startdate                   enddate vendor  rank  volume  soq  srs  mso  buyguide percentage  actual_percentage
0 2021-02-01 00:00:00+00:00 2021-02-08 00:00:00+00:00   6001     1    -1.0   80    0    0                 20.0          28.571429
3 2021-02-01 00:00:00+00:00 2021-02-08 00:00:00+00:00   6002     2    -1.0  100    0    0                 50.0          35.714286
6 2021-02-01 00:00:00+00:00 2021-02-08 00:00:00+00:00   6003     3    -1.0  100    0    0                 30.0          35.714286
1 2021-02-08 00:00:00+00:00 2021-02-15 00:00:00+00:00   6001     1    -1.0  205    0    0                 35.0          45.555556
4 2021-02-08 00:00:00+00:00 2021-02-15 00:00:00+00:00   6002     2    -1.0  115    0    0                 20.0          25.555556
7 2021-02-08 00:00:00+00:00 2021-02-15 00:00:00+00:00   6003     3    -1.0  130    0    0                 45.0          28.888889
2 2021-02-15 00:00:00+00:00 2021-02-21 00:00:00+00:00   6001     1    -1.0   78    0    0                 35.0          35.454545
5 2021-02-15 00:00:00+00:00 2021-02-21 00:00:00+00:00   6002     2    -1.0  142    0    0                 65.0          64.545455
                        date  demand   ss  schedrcpt  mso  soq  6003  6001  6002  projoh  projavail  ignored_demand
0  2021-02-01 00:00:00-05:00    60.0  0.0          0    0    0     0     0     0     0.0        0.0            60.0
1  2021-02-02 00:00:00-05:00    70.0  0.0          0    0    0     0     0     0     0.0        0.0            70.0
2  2021-02-03 00:00:00-05:00   100.0  0.0          0    0  100    42    17    41     0.0        0.0             0.0
3  2021-02-04 00:00:00-05:00    40.0  0.0          0    0   40     0    10    30     0.0        0.0             0.0
4  2021-02-05 00:00:00-05:00    60.0  0.0          0    0   60    45     6     9     0.0        0.0             0.0
5  2021-02-06 00:00:00-05:00    90.0  0.0          0    0   67     0    47    20     0.0        0.0            23.0
6  2021-02-07 00:00:00-05:00    50.0  0.0          0    0   13    13     0     0     0.0        0.0            37.0
7  2021-02-08 00:00:00-05:00    30.0  0.0          0    0   30     0    20    10     0.0        0.0             0.0
8  2021-02-09 00:00:00-05:00    80.0  0.0          0    0   80     0    51    29     0.0        0.0             0.0
9  2021-02-10 00:00:00-05:00    40.0  0.0          0    0   40    40     0     0     0.0        0.0             0.0
10 2021-02-11 00:00:00-05:00   100.0  0.0          0    0  100     0    64    36     0.0        0.0             0.0
11 2021-02-12 00:00:00-05:00    70.0  0.0          0    0   70    70     0     0     0.0        0.0             0.0
12 2021-02-13 00:00:00-05:00   110.0  0.0          0    0  110     0    70    40     0.0        0.0             0.0
13 2021-02-14 00:00:00-05:00    20.0  0.0          0    0   20    20     0     0     0.0        0.0             0.0
14 2021-02-15 00:00:00-05:00    80.0  0.0          0    0   80     0    28    52     0.0        0.0             0.0
15 2021-02-16 00:00:00-05:00   100.0  0.0          0    0  100     0    36    64     0.0        0.0             0.0
16 2021-02-17 00:00:00-05:00    20.0  0.0          0    0   20    20     0     0     0.0        0.0             0.0
17 2021-02-18 00:00:00-05:00    40.0  0.0          0    0   40     0    14    26     0.0        0.0             0.0
18 2021-02-19 00:00:00-05:00     0.0  0.0          0    0    0     0     0     0     0.0        0.0             0.0
19 2021-02-20 00:00:00-05:00     0.0  0.0          0    0    0     0     0     0     0.0        0.0             0.0
20 2021-02-21 00:00:00-05:00     0.0  0.0          0    0    0     0     0     0     0.0        0.0             0.0
                  startdate                   enddate  volume  ordered_total  srs_and_mso  aop_and_ss  net_ss
0 2021-02-01 00:00:00+00:00 2021-02-08 00:00:00+00:00    -3.0            280            0       470.0     0.0
1 2021-02-08 00:00:00+00:00 2021-02-15 00:00:00+00:00    -3.0            450            0       450.0     0.0
2 2021-02-15 00:00:00+00:00 2021-02-21 00:00:00+00:00    -2.0            220            0       240.0     0.0
