50231



5001@7001
                   startdate                   enddate vendor  rank  volume_exact  volume_upto  soq  srs  mso  buyguide percentage  actual_percentage  order_total
0  2021-02-01 00:00:00+00:00 2021-02-08 00:00:00+00:00   6001    -1          -1.0         -1.0  200    0    0                 30.0          44.444444          450
4  2021-02-01 00:00:00+00:00 2021-02-08 00:00:00+00:00   6002    -1          -1.0         -1.0  150    0    0                 30.0          33.333333          450
8  2021-02-01 00:00:00+00:00 2021-02-08 00:00:00+00:00   6003    -1          -1.0         -1.0  100    0    0                 40.0          22.222222          450
1  2021-02-08 00:00:00+00:00 2021-02-15 00:00:00+00:00   6001    -1          -1.0         -1.0  200    0    0                 25.0          50.000000          400
5  2021-02-08 00:00:00+00:00 2021-02-15 00:00:00+00:00   6002    -1          -1.0         -1.0  150    0    0                 25.0          37.500000          400
9  2021-02-08 00:00:00+00:00 2021-02-15 00:00:00+00:00   6003    -1          -1.0         -1.0   50    0    0                 50.0          12.500000          400
2  2021-02-15 00:00:00+00:00 2021-02-22 00:00:00+00:00   6001    -1          -1.0         -1.0  250    0    0                 50.0          55.555556          450
6  2021-02-15 00:00:00+00:00 2021-02-22 00:00:00+00:00   6002    -1          -1.0         -1.0  150    0    0                 25.0          33.333333          450
10 2021-02-15 00:00:00+00:00 2021-02-22 00:00:00+00:00   6003    -1          -1.0         -1.0   50    0    0                 25.0          11.111111          450
3  2021-02-22 00:00:00+00:00 2021-03-01 00:00:00+00:00   6001    -1          -1.0         -1.0  200    0    0                 50.0          57.142857          350
7  2021-02-22 00:00:00+00:00 2021-03-01 00:00:00+00:00   6002    -1          -1.0         -1.0  100    0    0                 25.0          28.571429          350
11 2021-02-22 00:00:00+00:00 2021-03-01 00:00:00+00:00   6003    -1          -1.0         -1.0   50    0    0                 25.0          14.285714          350
                        date  demand    ss  avo  schedrcpt  mso  soq  6001  6002  6003  projoh  projavail  ignored_demand  incoming_supply
0  2021-02-01 00:00:00-05:00    43.0  15.0    0        4.0    0    0     0     0     0     0.0      -15.0            39.0                0
1  2021-02-02 00:00:00-05:00    57.0  15.0    0        0.0    0    0     0     0     0     0.0      -15.0            57.0                0
2  2021-02-03 00:00:00-05:00    34.0  15.0    0        0.0    0  150    50    50    50   116.0      101.0             0.0              150
3  2021-02-04 00:00:00-05:00    98.0  15.0    0        0.0    0    0     0     0     0    18.0        3.0             0.0                0
4  2021-02-05 00:00:00-05:00    54.0  15.0    0        0.0    0  150    50    50    50   114.0       99.0             0.0              150
5  2021-02-06 00:00:00-05:00    61.0  15.0    0        0.0    0   50    50     0     0   103.0       88.0             0.0               50
6  2021-02-07 00:00:00-05:00    54.0  15.0    0        0.0    0  100    50    50     0   149.0      134.0             0.0              100
7  2021-02-08 00:00:00-05:00    74.0  20.0    0        0.0    0    0     0     0     0    75.0       55.0             0.0                0
8  2021-02-09 00:00:00-05:00    34.0  20.0    0        0.0    0   50    50     0     0    91.0       71.0             0.0               50
9  2021-02-10 00:00:00-05:00    43.0  20.0    0        0.0    0  100    50    50     0   148.0      128.0             0.0              100
10 2021-02-11 00:00:00-05:00   101.0  20.0    0        0.0    0  100    50    50     0   147.0      127.0             0.0              100
11 2021-02-12 00:00:00-05:00    63.0  20.0    0        0.0    0    0     0     0     0    84.0       64.0             0.0                0
12 2021-02-13 00:00:00-05:00    55.0  20.0    0        0.0    0    0     0     0     0    29.0        9.0             0.0                0
13 2021-02-14 00:00:00-05:00    95.0  20.0    0        0.0    0  150    50    50    50    84.0       64.0             0.0              150
14 2021-02-15 00:00:00-05:00    72.0  10.0    0        0.0    0   50    50     0     0    62.0       52.0             0.0               50
15 2021-02-16 00:00:00-05:00    69.0  10.0    0        0.0    0  100    50    50     0    93.0       83.0             0.0              100
16 2021-02-17 00:00:00-05:00    70.0  10.0    0        0.0    0    0     0     0     0    23.0       13.0             0.0                0
17 2021-02-18 00:00:00-05:00    25.0  10.0    0        0.0    0   50     0     0    50    48.0       38.0             0.0               50
18 2021-02-19 00:00:00-05:00    39.0  10.0    0        0.0    0   50    50     0     0    59.0       49.0             0.0               50
19 2021-02-20 00:00:00-05:00    90.0  10.0    0        0.0    0  100    50    50     0    69.0       59.0             0.0              100
20 2021-02-21 00:00:00-05:00    10.0  10.0    0        0.0    0  100    50    50     0   159.0      149.0             0.0              100
                  startdate                   enddate  volume_exact  volume_upto  ordered_total  srs_and_mso  aop_and_ss_and_avo  net_ss  ignored_demand
0 2021-02-01 00:00:00+00:00 2021-02-08 00:00:00+00:00          -3.0         -3.0            450            0               416.0    15.0            34.0
1 2021-02-08 00:00:00+00:00 2021-02-15 00:00:00+00:00          -3.0         -3.0            400            0               470.0     5.0           -70.0
2 2021-02-15 00:00:00+00:00 2021-02-22 00:00:00+00:00          -3.0         -3.0            450            0               365.0   -10.0            85.0
3 2021-02-22 00:00:00+00:00 2021-03-01 00:00:00+00:00          -3.0         -3.0            350            0                 0.0     0.0           350.0
5002@7001
                  startdate                   enddate vendor  rank  volume_exact  volume_upto  soq  srs  mso  buyguide percentage  actual_percentage  order_total
0 2021-02-01 00:00:00+00:00 2021-02-08 00:00:00+00:00   6001    -1          -1.0         -1.0  200    0    0                 65.0          55.555556          360
4 2021-02-01 00:00:00+00:00 2021-02-08 00:00:00+00:00   6002    -1          -1.0         -1.0  160    0    0                 35.0          44.444444          360
1 2021-02-08 00:00:00+00:00 2021-02-15 00:00:00+00:00   6001    -1          -1.0         -1.0  280    0    0                 65.0          58.333333          480
5 2021-02-08 00:00:00+00:00 2021-02-15 00:00:00+00:00   6002    -1          -1.0         -1.0  200    0    0                 35.0          41.666667          480
2 2021-02-15 00:00:00+00:00 2021-02-22 00:00:00+00:00   6001    -1          -1.0         -1.0  280    0    0                 65.0          70.000000          400
6 2021-02-15 00:00:00+00:00 2021-02-22 00:00:00+00:00   6002    -1          -1.0         -1.0  120    0    0                 35.0          30.000000          400
3 2021-02-22 00:00:00+00:00 2021-03-01 00:00:00+00:00   6001    -1          -1.0         -1.0  240    0    0                 65.0          66.666667          360
7 2021-02-22 00:00:00+00:00 2021-03-01 00:00:00+00:00   6002    -1          -1.0         -1.0  120    0    0                 35.0          33.333333          360
                        date  demand    ss  avo  schedrcpt  mso  soq  6001  6002  projoh  projavail  ignored_demand  incoming_supply
0  2021-02-01 00:00:00-05:00    13.0  15.0    0        4.0    0    0     0     0     0.0      -15.0             9.0                0
1  2021-02-02 00:00:00-05:00    54.0  15.0    0        0.0    0    0     0     0     0.0      -15.0            54.0                0
2  2021-02-03 00:00:00-05:00    88.0  15.0    0        0.0    0  200   120    80   112.0       97.0             0.0              200
3  2021-02-04 00:00:00-05:00    71.0  15.0    0        0.0    0    0     0     0    41.0       26.0             0.0                0
4  2021-02-05 00:00:00-05:00    39.0  15.0    0        0.0    0   80    40    40    82.0       67.0             0.0               80
5  2021-02-06 00:00:00-05:00    95.0  15.0    0        0.0    0   80    40    40    67.0       52.0             0.0               80
6  2021-02-07 00:00:00-05:00    33.0  15.0    0        0.0    0    0     0     0    34.0       19.0             0.0                0
7  2021-02-08 00:00:00-05:00    72.0  20.0    0        0.0    0  120    80    40    82.0       62.0             0.0              120
8  2021-02-09 00:00:00-05:00    68.0  20.0    0        0.0    0   80    40    40    94.0       74.0             0.0               80
9  2021-02-10 00:00:00-05:00    68.0  20.0    0        0.0    0    0     0     0    26.0        6.0             0.0                0
10 2021-02-11 00:00:00-05:00    46.0  20.0    0        0.0    0   80    40    40    60.0       40.0             0.0               80
11 2021-02-12 00:00:00-05:00    39.0  20.0    0        0.0    0  120    80    40   141.0      121.0             0.0              120
12 2021-02-13 00:00:00-05:00    96.0  20.0    0        0.0    0    0     0     0    45.0       25.0             0.0                0
13 2021-02-14 00:00:00-05:00    62.0  20.0    0        0.0    0   80    40    40    63.0       43.0             0.0               80
14 2021-02-15 00:00:00-05:00    67.0  10.0    0        0.0    0   80    40    40    76.0       66.0             0.0               80
15 2021-02-16 00:00:00-05:00    37.0  10.0    0        0.0    0    0     0     0    39.0       29.0             0.0                0
16 2021-02-17 00:00:00-05:00    24.0  10.0    0        0.0    0    0     0     0    15.0        5.0             0.0                0
17 2021-02-18 00:00:00-05:00    71.0  10.0    0        0.0    0   80    80     0    24.0       14.0             0.0               80
18 2021-02-19 00:00:00-05:00    89.0  10.0    0        0.0    0   80    40    40    15.0        5.0             0.0               80
19 2021-02-20 00:00:00-05:00    34.0  10.0    0        0.0    0  120    80    40   101.0       91.0             0.0              120
20 2021-02-21 00:00:00-05:00    85.0  10.0    0        0.0    0   40    40     0    56.0       46.0             0.0               40
                  startdate                   enddate  volume_exact  volume_upto  ordered_total  srs_and_mso  aop_and_ss_and_avo  net_ss  ignored_demand
0 2021-02-01 00:00:00+00:00 2021-02-08 00:00:00+00:00          -2.0         -2.0            360            0               408.0    15.0           -48.0
1 2021-02-08 00:00:00+00:00 2021-02-15 00:00:00+00:00          -2.0         -2.0            480            0               456.0     5.0            24.0
2 2021-02-15 00:00:00+00:00 2021-02-22 00:00:00+00:00          -2.0         -2.0            400            0               397.0   -10.0             3.0
3 2021-02-22 00:00:00+00:00 2021-03-01 00:00:00+00:00          -2.0         -2.0            360            0                 0.0     0.0           360.0
