DSI-100.05



5001@7001
                  startdate                   enddate vendor  rank  volume_exact  volume_upto  soq  srs    mso  buyguide percentage  actual_percentage  order_total
0 2021-02-01 00:00:00+00:00 2021-02-08 00:00:00+00:00   6001    -1          -1.0         -1.0    0    0  700.0                 30.0          63.636364       1100.0
3 2021-02-01 00:00:00+00:00 2021-02-08 00:00:00+00:00   6002    -1          -1.0         -1.0  400    0    0.0                 30.0          36.363636       1100.0
1 2021-02-08 00:00:00+00:00 2021-02-15 00:00:00+00:00   6001    -1          -1.0         -1.0  350    0    0.0                 50.0          50.000000        700.0
4 2021-02-08 00:00:00+00:00 2021-02-15 00:00:00+00:00   6002    -1          -1.0         -1.0  350    0    0.0                 50.0          50.000000        700.0
2 2021-02-15 00:00:00+00:00 2021-02-22 00:00:00+00:00   6001    -1          -1.0         -1.0  350    0    0.0                 30.0          50.000000        700.0
5 2021-02-15 00:00:00+00:00 2021-02-22 00:00:00+00:00   6002    -1          -1.0         -1.0  350    0    0.0                 30.0          50.000000        700.0
                        date  demand   ss  avo  schedrcpt    mso  soq  6001  6002  projoh  projavail  ignored_demand  incoming_supply
0  2021-02-01 00:00:00-05:00   100.0  0.0    0          0  700.0    0     0     0   600.0      600.0               0            700.0
1  2021-02-02 00:00:00-05:00   100.0  0.0    0          0    0.0    0     0     0   500.0      500.0               0              0.0
2  2021-02-03 00:00:00-05:00   100.0  0.0    0          0    0.0    0     0     0   400.0      400.0               0              0.0
3  2021-02-04 00:00:00-05:00   100.0  0.0    0          0    0.0  100     0   100   400.0      400.0               0            100.0
4  2021-02-05 00:00:00-05:00   100.0  0.0    0          0    0.0  100     0   100   400.0      400.0               0            100.0
5  2021-02-06 00:00:00-05:00   100.0  0.0    0          0    0.0  100     0   100   400.0      400.0               0            100.0
6  2021-02-07 00:00:00-05:00   100.0  0.0    0          0    0.0  100     0   100   400.0      400.0               0            100.0
7  2021-02-08 00:00:00-05:00   100.0  0.0    0          0    0.0  100    50    50   400.0      400.0               0            100.0
8  2021-02-09 00:00:00-05:00   100.0  0.0    0          0    0.0  100    50    50   400.0      400.0               0            100.0
9  2021-02-10 00:00:00-05:00   100.0  0.0    0          0    0.0  100    50    50   400.0      400.0               0            100.0
10 2021-02-11 00:00:00-05:00   100.0  0.0    0          0    0.0  100    50    50   400.0      400.0               0            100.0
11 2021-02-12 00:00:00-05:00   100.0  0.0    0          0    0.0  100    50    50   400.0      400.0               0            100.0
12 2021-02-13 00:00:00-05:00   100.0  0.0    0          0    0.0  100    50    50   400.0      400.0               0            100.0
13 2021-02-14 00:00:00-05:00   100.0  0.0    0          0    0.0  100    50    50   400.0      400.0               0            100.0
14 2021-02-15 00:00:00-05:00   100.0  0.0    0          0    0.0  100    50    50   400.0      400.0               0            100.0
15 2021-02-16 00:00:00-05:00   100.0  0.0    0          0    0.0  100    50    50   400.0      400.0               0            100.0
16 2021-02-17 00:00:00-05:00   100.0  0.0    0          0    0.0  100    50    50   400.0      400.0               0            100.0
17 2021-02-18 00:00:00-05:00   100.0  0.0    0          0    0.0  100    50    50   400.0      400.0               0            100.0
18 2021-02-19 00:00:00-05:00   100.0  0.0    0          0    0.0  100    50    50   400.0      400.0               0            100.0
19 2021-02-20 00:00:00-05:00   100.0  0.0    0          0    0.0  100    50    50   400.0      400.0               0            100.0
20 2021-02-21 00:00:00-05:00   100.0  0.0    0          0    0.0  100    50    50   400.0      400.0               0            100.0
                  startdate                   enddate  volume_exact  volume_upto  ordered_total  srs_and_mso  aop_and_ss_and_avo  net_ss  ignored_demand
0 2021-02-01 00:00:00+00:00 2021-02-08 00:00:00+00:00          -2.0         -2.0            400        700.0               700.0     0.0           400.0
1 2021-02-08 00:00:00+00:00 2021-02-15 00:00:00+00:00          -2.0         -2.0            700          0.0               700.0     0.0             0.0
2 2021-02-15 00:00:00+00:00 2021-02-22 00:00:00+00:00          -2.0         -2.0            700          0.0               700.0     0.0             0.0
