50227



5001@7001
                   startdate                   enddate vendor  rank  volume_exact  volume_upto  soq  srs  mso  buyguide percentage  actual_percentage  order_total
0  2021-02-01 00:00:00+00:00 2021-02-08 00:00:00+00:00   6001    -1          -1.0         -1.0  130    0    0                 30.0          40.625000          320
4  2021-02-01 00:00:00+00:00 2021-02-08 00:00:00+00:00   6002    -1          -1.0         -1.0  130    0    0                 30.0          40.625000          320
8  2021-02-01 00:00:00+00:00 2021-02-08 00:00:00+00:00   6003    -1          -1.0         -1.0   60    0    0                 40.0          18.750000          320
1  2021-02-08 00:00:00+00:00 2021-02-15 00:00:00+00:00   6001    -1          -1.0         -1.0  130    0    0                 25.0          27.659574          470
5  2021-02-08 00:00:00+00:00 2021-02-15 00:00:00+00:00   6002    -1          -1.0         -1.0  125    0    0                 25.0          26.595745          470
9  2021-02-08 00:00:00+00:00 2021-02-15 00:00:00+00:00   6003    -1          -1.0         -1.0  215    0    0                 50.0          45.744681          470
2  2021-02-15 00:00:00+00:00 2021-02-22 00:00:00+00:00   6001    -1          -1.0         -1.0   90    0    0                 50.0          24.657534          365
6  2021-02-15 00:00:00+00:00 2021-02-22 00:00:00+00:00   6002    -1          -1.0         -1.0   45    0    0                 25.0          12.328767          365
10 2021-02-15 00:00:00+00:00 2021-02-22 00:00:00+00:00   6003    -1          -1.0         -1.0  230    0    0                 25.0          63.013699          365
3  2021-02-22 00:00:00+00:00 2021-03-01 00:00:00+00:00   6001    -1          -1.0         -1.0  190    0    0                 50.0          37.623762          505
7  2021-02-22 00:00:00+00:00 2021-03-01 00:00:00+00:00   6002    -1          -1.0         -1.0  115    0    0                 25.0          22.772277          505
11 2021-02-22 00:00:00+00:00 2021-03-01 00:00:00+00:00   6003    -1          -1.0         -1.0  200    0    0                 25.0          39.603960          505
                        date  demand    ss  avo  schedrcpt  mso  soq  6001  6002  6003  projoh  projavail  ignored_demand  incoming_supply
0  2021-02-01 00:00:00-05:00    43.0  15.0    0        4.0    0    0     0     0     0     0.0      -15.0            39.0                0
1  2021-02-02 00:00:00-05:00    57.0  15.0    0        0.0    0    0     0     0     0     0.0      -15.0            57.0                0
2  2021-02-03 00:00:00-05:00    34.0  15.0    0        0.0    0  150    75    75     0   116.0      101.0             0.0              150
3  2021-02-04 00:00:00-05:00    98.0  15.0    0        0.0    0    0     0     0     0    18.0        3.0             0.0                0
4  2021-02-05 00:00:00-05:00    54.0  15.0    0        0.0    0   55    30    25     0    19.0        4.0             0.0               55
5  2021-02-06 00:00:00-05:00    61.0  15.0    0        0.0    0   60     0     0    60    18.0        3.0             0.0               60
6  2021-02-07 00:00:00-05:00    54.0  15.0    0        0.0    0   55    25    30     0    19.0        4.0             0.0               55
7  2021-02-08 00:00:00-05:00    74.0  20.0    0        0.0    0  110     0     0   110    55.0       35.0             0.0              110
8  2021-02-09 00:00:00-05:00    34.0  20.0    0        0.0    0    0     0     0     0    21.0        1.0             0.0                0
9  2021-02-10 00:00:00-05:00    43.0  20.0    0        0.0    0  145    50    45    50   123.0      103.0             0.0              145
10 2021-02-11 00:00:00-05:00   101.0  20.0    0        0.0    0    0     0     0     0    22.0        2.0             0.0                0
11 2021-02-12 00:00:00-05:00    63.0  20.0    0        0.0    0   65    30    35     0    24.0        4.0             0.0               65
12 2021-02-13 00:00:00-05:00    55.0  20.0    0        0.0    0   55     0     0    55    24.0        4.0             0.0               55
13 2021-02-14 00:00:00-05:00    95.0  20.0    0        0.0    0   95    50    45     0    24.0        4.0             0.0               95
14 2021-02-15 00:00:00-05:00    72.0  10.0    0        0.0    0  130     0     0   130    82.0       72.0             0.0              130
15 2021-02-16 00:00:00-05:00    69.0  10.0    0        0.0    0    0     0     0     0    13.0        3.0             0.0                0
16 2021-02-17 00:00:00-05:00    70.0  10.0    0        0.0    0   95    65    30     0    38.0       28.0             0.0               95
17 2021-02-18 00:00:00-05:00    25.0  10.0    0        0.0    0    0     0     0     0    13.0        3.0             0.0                0
18 2021-02-19 00:00:00-05:00    39.0  10.0    0        0.0    0   40    25    15     0    14.0        4.0             0.0               40
19 2021-02-20 00:00:00-05:00    90.0  10.0    0        0.0    0  100     0     0   100    24.0       14.0             0.0              100
20 2021-02-21 00:00:00-05:00    10.0  10.0    0        0.0    0    0     0     0     0    14.0        4.0             0.0                0
                  startdate                   enddate  volume_exact  volume_upto  ordered_total  srs_and_mso  aop_and_ss_and_avo  net_ss  ignored_demand
0 2021-02-01 00:00:00+00:00 2021-02-08 00:00:00+00:00          -3.0         -3.0            320            0               416.0    15.0           -96.0
1 2021-02-08 00:00:00+00:00 2021-02-15 00:00:00+00:00          -3.0         -3.0            470            0               470.0     5.0             0.0
2 2021-02-15 00:00:00+00:00 2021-02-22 00:00:00+00:00          -3.0         -3.0            365            0               365.0   -10.0             0.0
3 2021-02-22 00:00:00+00:00 2021-03-01 00:00:00+00:00          -3.0         -3.0            505            0                 0.0     0.0           505.0
5002@7001
                  startdate                   enddate vendor  rank  volume_exact  volume_upto  soq  srs  mso  buyguide percentage  actual_percentage  order_total
0 2021-02-01 00:00:00+00:00 2021-02-08 00:00:00+00:00   6001    -1          -1.0         -1.0  316    0    0                 65.0          64.754098          488
4 2021-02-01 00:00:00+00:00 2021-02-08 00:00:00+00:00   6002    -1          -1.0         -1.0  172    0    0                 35.0          35.245902          488
1 2021-02-08 00:00:00+00:00 2021-02-15 00:00:00+00:00   6001    -1          -1.0         -1.0  264    0    0                 65.0          65.346535          404
5 2021-02-08 00:00:00+00:00 2021-02-15 00:00:00+00:00   6002    -1          -1.0         -1.0  140    0    0                 35.0          34.653465          404
2 2021-02-15 00:00:00+00:00 2021-02-22 00:00:00+00:00   6001    -1          -1.0         -1.0  256    0    0                 65.0          65.979381          388
6 2021-02-15 00:00:00+00:00 2021-02-22 00:00:00+00:00   6002    -1          -1.0         -1.0  132    0    0                 35.0          34.020619          388
3 2021-02-22 00:00:00+00:00 2021-03-01 00:00:00+00:00   6001    -1          -1.0         -1.0  192    0    0                 65.0          62.337662          308
7 2021-02-22 00:00:00+00:00 2021-03-01 00:00:00+00:00   6002    -1          -1.0         -1.0  116    0    0                 35.0          37.662338          308
                        date  demand    ss  avo  schedrcpt  mso  soq  6001  6002  projoh  projavail  ignored_demand  incoming_supply
0  2021-02-01 00:00:00-05:00    13.0  15.0    0        4.0    0    0     0     0     0.0      -15.0             9.0                0
1  2021-02-02 00:00:00-05:00    54.0  15.0    0        0.0    0    0     0     0     0.0      -15.0            54.0                0
2  2021-02-03 00:00:00-05:00    88.0  15.0    0        0.0    0  176   116    60    88.0       73.0             0.0              176
3  2021-02-04 00:00:00-05:00    71.0  15.0    0        0.0    0    0     0     0    17.0        2.0             0.0                0
4  2021-02-05 00:00:00-05:00    39.0  15.0    0        0.0    0  132    88    44   110.0       95.0             0.0              132
5  2021-02-06 00:00:00-05:00    95.0  15.0    0        0.0    0    0     0     0    15.0        0.0             0.0                0
6  2021-02-07 00:00:00-05:00    33.0  15.0    0        0.0    0  180   112    68   162.0      147.0             0.0              180
7  2021-02-08 00:00:00-05:00    72.0  20.0    0        0.0    0    0     0     0    90.0       70.0             0.0                0
8  2021-02-09 00:00:00-05:00    68.0  20.0    0        0.0    0    0     0     0    22.0        2.0             0.0                0
9  2021-02-10 00:00:00-05:00    68.0  20.0    0        0.0    0  112    76    36    66.0       46.0             0.0              112
10 2021-02-11 00:00:00-05:00    46.0  20.0    0        0.0    0    0     0     0    20.0        0.0             0.0                0
11 2021-02-12 00:00:00-05:00    39.0  20.0    0        0.0    0  136    88    48   117.0       97.0             0.0              136
12 2021-02-13 00:00:00-05:00    96.0  20.0    0        0.0    0    0     0     0    21.0        1.0             0.0                0
13 2021-02-14 00:00:00-05:00    62.0  20.0    0        0.0    0  156   100    56   115.0       95.0             0.0              156
14 2021-02-15 00:00:00-05:00    67.0  10.0    0        0.0    0    0     0     0    48.0       38.0             0.0                0
15 2021-02-16 00:00:00-05:00    37.0  10.0    0        0.0    0    0     0     0    11.0        1.0             0.0                0
16 2021-02-17 00:00:00-05:00    24.0  10.0    0        0.0    0   96    64    32    83.0       73.0             0.0               96
17 2021-02-18 00:00:00-05:00    71.0  10.0    0        0.0    0    0     0     0    12.0        2.0             0.0                0
18 2021-02-19 00:00:00-05:00    89.0  10.0    0        0.0    0  124    80    44    47.0       37.0             0.0              124
19 2021-02-20 00:00:00-05:00    34.0  10.0    0        0.0    0    0     0     0    13.0        3.0             0.0                0
20 2021-02-21 00:00:00-05:00    85.0  10.0    0        0.0    0  168   112    56    96.0       86.0             0.0              168
                  startdate                   enddate  volume_exact  volume_upto  ordered_total  srs_and_mso  aop_and_ss_and_avo  net_ss  ignored_demand
0 2021-02-01 00:00:00+00:00 2021-02-08 00:00:00+00:00          -2.0         -2.0            488            0               408.0    15.0            80.0
1 2021-02-08 00:00:00+00:00 2021-02-15 00:00:00+00:00          -2.0         -2.0            404            0               456.0     5.0           -52.0
2 2021-02-15 00:00:00+00:00 2021-02-22 00:00:00+00:00          -2.0         -2.0            388            0               397.0   -10.0            -9.0
3 2021-02-22 00:00:00+00:00 2021-03-01 00:00:00+00:00          -2.0         -2.0            308            0                 0.0     0.0           308.0
