5001@7001
                   startdate                   enddate vendor  rank  volume  soq  srs  mso  buyguide percentage  actual_percentage
0  2021-02-01 00:00:00+00:00 2021-02-08 00:00:00+00:00   6001     1   100.0  100    0    0                 -1.0          33.333333
4  2021-02-01 00:00:00+00:00 2021-02-08 00:00:00+00:00   6002     2   100.0  100    0    0                 -1.0          33.333333
8  2021-02-01 00:00:00+00:00 2021-02-08 00:00:00+00:00   6003     3   100.0  100    0    0                 -1.0          33.333333
1  2021-02-08 00:00:00+00:00 2021-02-15 00:00:00+00:00   6001     1   100.0  100    0    0                 -1.0          26.595745
5  2021-02-08 00:00:00+00:00 2021-02-15 00:00:00+00:00   6002     2   100.0  100    0    0                 -1.0          26.595745
9  2021-02-08 00:00:00+00:00 2021-02-15 00:00:00+00:00   6003     3   265.0  176    0    0                 -1.0          46.808511
2  2021-02-15 00:00:00+00:00 2021-02-22 00:00:00+00:00   6001     1   100.0  100    0    0                 -1.0          30.769231
6  2021-02-15 00:00:00+00:00 2021-02-22 00:00:00+00:00   6002     2   100.0  100    0    0                 -1.0          30.769231
10 2021-02-15 00:00:00+00:00 2021-02-22 00:00:00+00:00   6003     3   175.0  125    0    0                 -1.0          38.461538
3  2021-02-22 00:00:00+00:00 2021-03-01 00:00:00+00:00   6001     1   100.0  100    0    0                 -1.0          25.062657
7  2021-02-22 00:00:00+00:00 2021-03-01 00:00:00+00:00   6002     2   100.0  100    0    0                 -1.0          25.062657
11 2021-02-22 00:00:00+00:00 2021-03-01 00:00:00+00:00   6003     3   295.0  199    0    0                 -1.0          49.874687
                        date  demand    ss  schedrcpt  mso  soq  6002  6001  6003  projoh  projavail  ignored_demand
0  2021-02-01 00:00:00-05:00    43.0  15.0        4.0    0    0     0     0     0     0.0      -15.0            39.0
1  2021-02-02 00:00:00-05:00    57.0  15.0        0.0    0    0     0     0     0     0.0      -15.0            57.0
2  2021-02-03 00:00:00-05:00    34.0  15.0        0.0    0   49     0    49     0    15.0        0.0             0.0
3  2021-02-04 00:00:00-05:00    98.0  15.0        0.0    0   98     0    51    47    15.0        0.0             0.0
4  2021-02-05 00:00:00-05:00    54.0  15.0        0.0    0   54    54     0     0    15.0        0.0             0.0
5  2021-02-06 00:00:00-05:00    61.0  15.0        0.0    0   53     0     0    53     7.0       -8.0             0.0
6  2021-02-07 00:00:00-05:00    54.0  15.0        0.0    0   46    46     0     0     0.0      -15.0             1.0
7  2021-02-08 00:00:00-05:00    74.0  20.0        0.0    0  100     0   100     0    26.0        6.0             0.0
8  2021-02-09 00:00:00-05:00    34.0  20.0        0.0    0    0     0     0     0     0.0      -20.0             8.0
9  2021-02-10 00:00:00-05:00    43.0  20.0        0.0    0   63    63     0     0    20.0        0.0             0.0
10 2021-02-11 00:00:00-05:00   101.0  20.0        0.0    0  101     0     0   101    20.0        0.0             0.0
11 2021-02-12 00:00:00-05:00    63.0  20.0        0.0    0   37    37     0     0     0.0      -20.0             6.0
12 2021-02-13 00:00:00-05:00    55.0  20.0        0.0    0   75     0     0    75    20.0        0.0             0.0
13 2021-02-14 00:00:00-05:00    95.0  20.0        0.0    0    0     0     0     0     0.0      -20.0            75.0
14 2021-02-15 00:00:00-05:00    72.0  10.0        0.0    0   82     0    82     0    10.0        0.0             0.0
15 2021-02-16 00:00:00-05:00    69.0  10.0        0.0    0   18     0    18     0     0.0      -10.0            41.0
16 2021-02-17 00:00:00-05:00    70.0  10.0        0.0    0   80    80     0     0    10.0        0.0             0.0
17 2021-02-18 00:00:00-05:00    25.0  10.0        0.0    0   25     0     0    25    10.0        0.0             0.0
18 2021-02-19 00:00:00-05:00    39.0  10.0        0.0    0   20    20     0     0     0.0      -10.0             9.0
19 2021-02-20 00:00:00-05:00    90.0  10.0        0.0    0  100     0     0   100    10.0        0.0             0.0
20 2021-02-21 00:00:00-05:00    10.0  10.0        0.0    0    0     0     0     0     0.0      -10.0             0.0
21 2021-02-22 00:00:00-05:00    68.0  25.0        0.0    0  100     0   100     0    32.0        7.0             0.0
22 2021-02-23 00:00:00-05:00    62.0  25.0        0.0    0    0     0     0     0     0.0      -25.0            30.0
23 2021-02-24 00:00:00-05:00    96.0  25.0        0.0    0  100   100     0     0     4.0      -21.0             0.0
24 2021-02-25 00:00:00-05:00    94.0  25.0        0.0    0  115     0     0   115    25.0        0.0             0.0
25 2021-02-26 00:00:00-05:00    50.0  25.0        0.0    0    0     0     0     0     0.0      -25.0            25.0
26 2021-02-27 00:00:00-05:00    59.0  25.0        0.0    0   84     0     0    84    25.0        0.0             0.0
27 2021-02-28 00:00:00-05:00    65.0  25.0        0.0    0    0     0     0     0     0.0      -25.0            40.0
28 2021-03-01 00:00:00-05:00     0.0  35.0        0.0    0    1     0     1     0     1.0      -34.0             0.0
29 2021-03-02 00:00:00-05:00     0.0  35.0        0.0    0    1     0     1     0     2.0      -33.0             0.0
30 2021-03-03 00:00:00-05:00     0.0  35.0        0.0    0    1     0     1     0     3.0      -32.0             0.0
31 2021-03-04 00:00:00-05:00     0.0  35.0        0.0    0    1     0     1     0     4.0      -31.0             0.0
32 2021-03-05 00:00:00-05:00     0.0  35.0        0.0    0    1     0     1     0     5.0      -30.0             0.0
33 2021-03-06 00:00:00-05:00     0.0  35.0        0.0    0    1     0     1     0     6.0      -29.0             0.0
34 2021-03-07 00:00:00-05:00     0.0  35.0        0.0    0    1     0     1     0     7.0      -28.0             0.0
35 2021-03-08 00:00:00-05:00     0.0   0.0        0.0    0    0     0     0     0     7.0        7.0             0.0
36 2021-03-09 00:00:00-05:00     0.0   0.0        0.0    0    0     0     0     0     7.0        7.0             0.0
37 2021-03-10 00:00:00-05:00     0.0   0.0        0.0    0    0     0     0     0     7.0        7.0             0.0
38 2021-03-11 00:00:00-05:00     0.0   0.0        0.0    0    0     0     0     0     7.0        7.0             0.0
39 2021-03-12 00:00:00-05:00     0.0   0.0        0.0    0    0     0     0     0     7.0        7.0             0.0
40 2021-03-13 00:00:00-05:00     0.0   0.0        0.0    0    0     0     0     0     7.0        7.0             0.0
41 2021-03-14 00:00:00-05:00     0.0   0.0        0.0    0    0     0     0     0     7.0        7.0             0.0
                  startdate                   enddate  volume  ordered_total  srs_and_mso  aop_and_ss  net_ss
0 2021-02-01 00:00:00+00:00 2021-02-08 00:00:00+00:00   300.0            300            0       416.0    15.0
1 2021-02-08 00:00:00+00:00 2021-02-15 00:00:00+00:00   465.0            376            0       470.0     5.0
2 2021-02-15 00:00:00+00:00 2021-02-22 00:00:00+00:00   375.0            325            0       365.0   -10.0
3 2021-02-22 00:00:00+00:00 2021-03-01 00:00:00+00:00   495.0            399            0       509.0    15.0
5002@7001
                  startdate                   enddate vendor  rank  volume  soq  srs  mso  buyguide percentage  actual_percentage
0 2021-02-01 00:00:00+00:00 2021-02-08 00:00:00+00:00   6001     1   200.0  200    0    0                 -1.0          76.628352
4 2021-02-01 00:00:00+00:00 2021-02-08 00:00:00+00:00   6002     2   200.0   61    0    0                 -1.0          23.371648
1 2021-02-08 00:00:00+00:00 2021-02-15 00:00:00+00:00   6001     1   200.0  200    0    0                 -1.0          56.497175
5 2021-02-08 00:00:00+00:00 2021-02-15 00:00:00+00:00   6002     2   250.0  154    0    0                 -1.0          43.502825
2 2021-02-15 00:00:00+00:00 2021-02-22 00:00:00+00:00   6001     1   200.0  200    0    0                 -1.0          52.910053
6 2021-02-15 00:00:00+00:00 2021-02-22 00:00:00+00:00   6002     2   210.0  178    0    0                 -1.0          47.089947
3 2021-02-22 00:00:00+00:00 2021-03-01 00:00:00+00:00   6001     1   200.0  200    0    0                 -1.0          57.306590
7 2021-02-22 00:00:00+00:00 2021-03-01 00:00:00+00:00   6002     2   200.0  149    0    0                 -1.0          42.693410
                        date  demand    ss  schedrcpt  mso  soq  6002  6001  projoh  projavail  ignored_demand
0  2021-02-01 00:00:00-05:00    13.0  15.0        4.0    0    0     0     0     0.0      -15.0             9.0
1  2021-02-02 00:00:00-05:00    54.0  15.0        0.0    0    0     0     0     0.0      -15.0            54.0
2  2021-02-03 00:00:00-05:00    88.0  15.0        0.0    0  103     0   103    15.0        0.0             0.0
3  2021-02-04 00:00:00-05:00    71.0  15.0        0.0    0   71     0    71    15.0        0.0             0.0
4  2021-02-05 00:00:00-05:00    39.0  15.0        0.0    0   39    13    26    15.0        0.0             0.0
5  2021-02-06 00:00:00-05:00    95.0  15.0        0.0    0    0     0     0     0.0      -15.0            80.0
6  2021-02-07 00:00:00-05:00    33.0  15.0        0.0    0   48    48     0    15.0        0.0             0.0
7  2021-02-08 00:00:00-05:00    72.0  20.0        0.0    0   77     0    77    20.0        0.0             0.0
8  2021-02-09 00:00:00-05:00    68.0  20.0        0.0    0   68     0    68    20.0        0.0             0.0
9  2021-02-10 00:00:00-05:00    68.0  20.0        0.0    0   68    13    55    20.0        0.0             0.0
10 2021-02-11 00:00:00-05:00    46.0  20.0        0.0    0    0     0     0     0.0      -20.0            26.0
11 2021-02-12 00:00:00-05:00    39.0  20.0        0.0    0   59    59     0    20.0        0.0             0.0
12 2021-02-13 00:00:00-05:00    96.0  20.0        0.0    0    0     0     0     0.0      -20.0            76.0
13 2021-02-14 00:00:00-05:00    62.0  20.0        0.0    0   82    82     0    20.0        0.0             0.0
14 2021-02-15 00:00:00-05:00    67.0  10.0        0.0    0   57     0    57    10.0        0.0             0.0
15 2021-02-16 00:00:00-05:00    37.0  10.0        0.0    0   37     0    37    10.0        0.0             0.0
16 2021-02-17 00:00:00-05:00    24.0  10.0        0.0    0   24     0    24    10.0        0.0             0.0
17 2021-02-18 00:00:00-05:00    71.0  10.0        0.0    0   71     0    71    10.0        0.0             0.0
18 2021-02-19 00:00:00-05:00    89.0  10.0        0.0    0   89    78    11    10.0        0.0             0.0
19 2021-02-20 00:00:00-05:00    34.0  10.0        0.0    0    0     0     0     0.0      -10.0            24.0
20 2021-02-21 00:00:00-05:00    85.0  10.0        0.0    0  100   100     0    15.0        5.0             0.0
21 2021-02-22 00:00:00-05:00    47.0  25.0        0.0    0   57     0    57    25.0        0.0             0.0
22 2021-02-23 00:00:00-05:00    24.0  25.0        0.0    0   24     0    24    25.0        0.0             0.0
23 2021-02-24 00:00:00-05:00    97.0  25.0        0.0    0  100     0   100    28.0        3.0             0.0
24 2021-02-25 00:00:00-05:00    70.0  25.0        0.0    0   19     0    19     0.0      -25.0            23.0
25 2021-02-26 00:00:00-05:00    28.0  25.0        0.0    0  117   117     0    89.0       64.0             0.0
26 2021-02-27 00:00:00-05:00    64.0  25.0        0.0    0    0     0     0    25.0        0.0             0.0
27 2021-02-28 00:00:00-05:00    57.0  25.0        0.0    0   32    32     0     0.0      -25.0             0.0
28 2021-03-01 00:00:00-05:00     0.0  35.0        0.0    0    1     0     1     1.0      -34.0             0.0
29 2021-03-02 00:00:00-05:00     0.0  35.0        0.0    0    1     0     1     2.0      -33.0             0.0
30 2021-03-03 00:00:00-05:00     0.0  35.0        0.0    0    1     0     1     3.0      -32.0             0.0
31 2021-03-04 00:00:00-05:00     0.0  35.0        0.0    0    1     0     1     4.0      -31.0             0.0
32 2021-03-05 00:00:00-05:00     0.0  35.0        0.0    0    1     0     1     5.0      -30.0             0.0
33 2021-03-06 00:00:00-05:00     0.0  35.0        0.0    0    1     0     1     6.0      -29.0             0.0
34 2021-03-07 00:00:00-05:00     0.0  35.0        0.0    0    1     0     1     7.0      -28.0             0.0
35 2021-03-08 00:00:00-05:00     0.0   0.0        0.0    0    0     0     0     7.0        7.0             0.0
36 2021-03-09 00:00:00-05:00     0.0   0.0        0.0    0    0     0     0     7.0        7.0             0.0
37 2021-03-10 00:00:00-05:00     0.0   0.0        0.0    0    0     0     0     7.0        7.0             0.0
38 2021-03-11 00:00:00-05:00     0.0   0.0        0.0    0    0     0     0     7.0        7.0             0.0
39 2021-03-12 00:00:00-05:00     0.0   0.0        0.0    0    0     0     0     7.0        7.0             0.0
40 2021-03-13 00:00:00-05:00     0.0   0.0        0.0    0    0     0     0     7.0        7.0             0.0
41 2021-03-14 00:00:00-05:00     0.0   0.0        0.0    0    0     0     0     7.0        7.0             0.0
                  startdate                   enddate  volume  ordered_total  srs_and_mso  aop_and_ss  net_ss
0 2021-02-01 00:00:00+00:00 2021-02-08 00:00:00+00:00   400.0            261            0       408.0    15.0
1 2021-02-08 00:00:00+00:00 2021-02-15 00:00:00+00:00   450.0            354            0       456.0     5.0
2 2021-02-15 00:00:00+00:00 2021-02-22 00:00:00+00:00   410.0            378            0       397.0   -10.0
3 2021-02-22 00:00:00+00:00 2021-03-01 00:00:00+00:00   400.0            349            0       402.0    15.0
