50240



5001@7001
                   startdate                   enddate vendor  rank  volume_exact  volume_upto  soq  srs  mso  buyguide percentage  actual_percentage  order_total
0  2021-02-01 00:00:00+00:00 2021-02-08 00:00:00+00:00   6001    -1          -1.0         -1.0  175    0    0                 30.0          38.888889          450
4  2021-02-01 00:00:00+00:00 2021-02-08 00:00:00+00:00   6002    -1          -1.0         -1.0  175    0    0                 30.0          38.888889          450
8  2021-02-01 00:00:00+00:00 2021-02-08 00:00:00+00:00   6003    -1          -1.0         -1.0  100    0    0                 40.0          22.222222          450
1  2021-02-08 00:00:00+00:00 2021-02-15 00:00:00+00:00   6001    -1          -1.0         -1.0  255    0    0                 25.0          50.000000          510
5  2021-02-08 00:00:00+00:00 2021-02-15 00:00:00+00:00   6002    -1          -1.0         -1.0  255    0    0                 25.0          50.000000          510
9  2021-02-08 00:00:00+00:00 2021-02-15 00:00:00+00:00   6003    -1          -1.0         -1.0    0    0    0                 50.0           0.000000          510
2  2021-02-15 00:00:00+00:00 2021-02-22 00:00:00+00:00   6001    -1          -1.0         -1.0  160    0    0                 50.0          45.070423          355
6  2021-02-15 00:00:00+00:00 2021-02-22 00:00:00+00:00   6002    -1          -1.0         -1.0   95    0    0                 25.0          26.760563          355
10 2021-02-15 00:00:00+00:00 2021-02-22 00:00:00+00:00   6003    -1          -1.0         -1.0  100    0    0                 25.0          28.169014          355
3  2021-02-22 00:00:00+00:00 2021-03-01 00:00:00+00:00   6001    -1          -1.0         -1.0  200    0    0                 50.0          59.701493          335
7  2021-02-22 00:00:00+00:00 2021-03-01 00:00:00+00:00   6002    -1          -1.0         -1.0  135    0    0                 25.0          40.298507          335
11 2021-02-22 00:00:00+00:00 2021-03-01 00:00:00+00:00   6003    -1          -1.0         -1.0    0    0    0                 25.0           0.000000          335
                        date  demand    ss  avo  schedrcpt  mso  soq  6001  6002  6003  projoh  projavail  ignored_demand  incoming_supply
0  2021-02-01 00:00:00-05:00    43.0  15.0    0        4.0    0    0     0     0     0     0.0      -15.0            39.0                0
1  2021-02-02 00:00:00-05:00    57.0  15.0    0        0.0    0    0     0     0     0     0.0      -15.0            57.0                0
2  2021-02-03 00:00:00-05:00    34.0  15.0    0        0.0    0   50    25    25     0    16.0        1.0             0.0               50
3  2021-02-04 00:00:00-05:00    98.0  15.0    0        0.0    0  100     0     0   100    18.0        3.0             0.0              100
4  2021-02-05 00:00:00-05:00    54.0  15.0    0        0.0    0  130    65    65     0    94.0       79.0             0.0              130
5  2021-02-06 00:00:00-05:00    61.0  15.0    0        0.0    0    0     0     0     0    33.0       18.0             0.0                0
6  2021-02-07 00:00:00-05:00    54.0  15.0    0        0.0    0  170    85    85     0   149.0      134.0             0.0              170
7  2021-02-08 00:00:00-05:00    74.0  20.0    0        0.0    0    0     0     0     0    75.0       55.0             0.0                0
8  2021-02-09 00:00:00-05:00    34.0  20.0    0        0.0    0    0     0     0     0    41.0       21.0             0.0                0
9  2021-02-10 00:00:00-05:00    43.0  20.0    0        0.0    0  130    65    65     0   128.0      108.0             0.0              130
10 2021-02-11 00:00:00-05:00   101.0  20.0    0        0.0    0    0     0     0     0    27.0        7.0             0.0                0
11 2021-02-12 00:00:00-05:00    63.0  20.0    0        0.0    0  170    85    85     0   134.0      114.0             0.0              170
12 2021-02-13 00:00:00-05:00    55.0  20.0    0        0.0    0    0     0     0     0    79.0       59.0             0.0                0
13 2021-02-14 00:00:00-05:00    95.0  20.0    0        0.0    0  210   105   105     0   194.0      174.0             0.0              210
14 2021-02-15 00:00:00-05:00    72.0  10.0    0        0.0    0    0     0     0     0   122.0      112.0             0.0                0
15 2021-02-16 00:00:00-05:00    69.0  10.0    0        0.0    0    0     0     0     0    53.0       43.0             0.0                0
16 2021-02-17 00:00:00-05:00    70.0  10.0    0        0.0    0   85    50    35     0    68.0       58.0             0.0               85
17 2021-02-18 00:00:00-05:00    25.0  10.0    0        0.0    0    0     0     0     0    43.0       33.0             0.0                0
18 2021-02-19 00:00:00-05:00    39.0  10.0    0        0.0    0   10    10     0     0    14.0        4.0             0.0               10
19 2021-02-20 00:00:00-05:00    90.0  10.0    0        0.0    0  100     0     0   100    24.0       14.0             0.0              100
20 2021-02-21 00:00:00-05:00    10.0  10.0    0        0.0    0  160   100    60     0   174.0      164.0             0.0              160
                  startdate                   enddate  volume_exact  volume_upto  ordered_total  srs_and_mso  aop_and_ss_and_avo  net_ss  ignored_demand
0 2021-02-01 00:00:00+00:00 2021-02-08 00:00:00+00:00          -3.0         -3.0            450            0               416.0    15.0            34.0
1 2021-02-08 00:00:00+00:00 2021-02-15 00:00:00+00:00          -3.0         -3.0            510            0               470.0     5.0            40.0
2 2021-02-15 00:00:00+00:00 2021-02-22 00:00:00+00:00          -3.0         -3.0            355            0               365.0   -10.0           -10.0
3 2021-02-22 00:00:00+00:00 2021-03-01 00:00:00+00:00          -3.0         -3.0            335            0                 0.0     0.0           335.0
5002@7001
                  startdate                   enddate vendor  rank  volume_exact  volume_upto  soq  srs  mso  buyguide percentage  actual_percentage  order_total
0 2021-02-01 00:00:00+00:00 2021-02-08 00:00:00+00:00   6001    -1          -1.0         -1.0  312    0    0                 65.0          63.414634          492
4 2021-02-01 00:00:00+00:00 2021-02-08 00:00:00+00:00   6002    -1          -1.0         -1.0  180    0    0                 35.0          36.585366          492
1 2021-02-08 00:00:00+00:00 2021-02-15 00:00:00+00:00   6001    -1          -1.0         -1.0  248    0    0                 65.0          59.047619          420
5 2021-02-08 00:00:00+00:00 2021-02-15 00:00:00+00:00   6002    -1          -1.0         -1.0  172    0    0                 35.0          40.952381          420
2 2021-02-15 00:00:00+00:00 2021-02-22 00:00:00+00:00   6001    -1          -1.0         -1.0  264    0    0                 65.0          61.111111          432
6 2021-02-15 00:00:00+00:00 2021-02-22 00:00:00+00:00   6002    -1          -1.0         -1.0  168    0    0                 35.0          38.888889          432
3 2021-02-22 00:00:00+00:00 2021-03-01 00:00:00+00:00   6001    -1          -1.0         -1.0  140    0    0                 65.0          59.322034          236
7 2021-02-22 00:00:00+00:00 2021-03-01 00:00:00+00:00   6002    -1          -1.0         -1.0   96    0    0                 35.0          40.677966          236
                        date  demand    ss  avo  schedrcpt  mso  soq  6001  6002  projoh  projavail  ignored_demand  incoming_supply
0  2021-02-01 00:00:00-05:00    13.0  15.0    0        4.0    0    0     0     0     0.0      -15.0             9.0                0
1  2021-02-02 00:00:00-05:00    54.0  15.0    0        0.0    0    0     0     0     0.0      -15.0            54.0                0
2  2021-02-03 00:00:00-05:00    88.0  15.0    0        0.0    0  176   116    60    88.0       73.0             0.0              176
3  2021-02-04 00:00:00-05:00    71.0  15.0    0        0.0    0    0     0     0    17.0        2.0             0.0                0
4  2021-02-05 00:00:00-05:00    39.0  15.0    0        0.0    0  144    88    56   122.0      107.0             0.0              144
5  2021-02-06 00:00:00-05:00    95.0  15.0    0        0.0    0    0     0     0    27.0       12.0             0.0                0
6  2021-02-07 00:00:00-05:00    33.0  15.0    0        0.0    0  172   108    64   166.0      151.0             0.0              172
7  2021-02-08 00:00:00-05:00    72.0  20.0    0        0.0    0    0     0     0    94.0       74.0             0.0                0
8  2021-02-09 00:00:00-05:00    68.0  20.0    0        0.0    0    0     0     0    26.0        6.0             0.0                0
9  2021-02-10 00:00:00-05:00    68.0  20.0    0        0.0    0  128    76    52    86.0       66.0             0.0              128
10 2021-02-11 00:00:00-05:00    46.0  20.0    0        0.0    0    0     0     0    40.0       20.0             0.0                0
11 2021-02-12 00:00:00-05:00    39.0  20.0    0        0.0    0  140    76    64   141.0      121.0             0.0              140
12 2021-02-13 00:00:00-05:00    96.0  20.0    0        0.0    0    0     0     0    45.0       25.0             0.0                0
13 2021-02-14 00:00:00-05:00    62.0  20.0    0        0.0    0  152    96    56   135.0      115.0             0.0              152
14 2021-02-15 00:00:00-05:00    67.0  10.0    0        0.0    0    0     0     0    68.0       58.0             0.0                0
15 2021-02-16 00:00:00-05:00    37.0  10.0    0        0.0    0    0     0     0    31.0       21.0             0.0                0
16 2021-02-17 00:00:00-05:00    24.0  10.0    0        0.0    0  112    56    56   119.0      109.0             0.0              112
17 2021-02-18 00:00:00-05:00    71.0  10.0    0        0.0    0    0     0     0    48.0       38.0             0.0                0
18 2021-02-19 00:00:00-05:00    89.0  10.0    0        0.0    0   88    76    12    47.0       37.0             0.0               88
19 2021-02-20 00:00:00-05:00    34.0  10.0    0        0.0    0    0     0     0    13.0        3.0             0.0                0
20 2021-02-21 00:00:00-05:00    85.0  10.0    0        0.0    0  232   132   100   160.0      150.0             0.0              232
                  startdate                   enddate  volume_exact  volume_upto  ordered_total  srs_and_mso  aop_and_ss_and_avo  net_ss  ignored_demand
0 2021-02-01 00:00:00+00:00 2021-02-08 00:00:00+00:00          -2.0         -2.0            492            0               408.0    15.0            84.0
1 2021-02-08 00:00:00+00:00 2021-02-15 00:00:00+00:00          -2.0         -2.0            420            0               456.0     5.0           -36.0
2 2021-02-15 00:00:00+00:00 2021-02-22 00:00:00+00:00          -2.0         -2.0            432            0               397.0   -10.0            35.0
3 2021-02-22 00:00:00+00:00 2021-03-01 00:00:00+00:00          -2.0         -2.0            236            0                 0.0     0.0           236.0
