5001@7001
                  startdate                   enddate vendor  rank  volume  soq  buyguide percentage  actual_percentage
0 2021-02-01 00:00:00+00:00 2021-02-08 00:00:00+00:00   6001    -1    -1.0  475                 30.0          67.857143
3 2021-02-01 00:00:00+00:00 2021-02-08 00:00:00+00:00   6002    -1    -1.0  225                 30.0          32.142857
1 2021-02-08 00:00:00+00:00 2021-02-15 00:00:00+00:00   6001    -1    -1.0  511                 50.0          85.166667
4 2021-02-08 00:00:00+00:00 2021-02-15 00:00:00+00:00   6002    -1    -1.0   89                 25.0          14.833333
2 2021-02-15 00:00:00+00:00 2021-02-22 00:00:00+00:00   6001    -1    -1.0  775                 30.0          77.500000
5 2021-02-15 00:00:00+00:00 2021-02-22 00:00:00+00:00   6002    -1    -1.0  225                 30.0          22.500000
                        date  demand   ss  schedrcpt  soq  6001  6002  projoh  projavail  ignored_demand
0  2021-02-01 00:00:00-05:00   100.0  0.0          0    0     0     0     0.0        0.0           100.0
1  2021-02-02 00:00:00-05:00   100.0  0.0          0    0     0     0     0.0        0.0           100.0
2  2021-02-03 00:00:00-05:00   100.0  0.0          0  250   250     0   150.0      150.0             0.0
3  2021-02-04 00:00:00-05:00   100.0  0.0          0    0     0     0    50.0       50.0             0.0
4  2021-02-05 00:00:00-05:00   100.0  0.0          0  225   225     0   175.0      175.0             0.0
5  2021-02-06 00:00:00-05:00   100.0  0.0          0    0     0     0    75.0       75.0             0.0
6  2021-02-07 00:00:00-05:00   100.0  0.0          0  225     0   225   200.0      200.0             0.0
7  2021-02-08 00:00:00-05:00   100.0  0.0          0  300   300     0   400.0      400.0             0.0
8  2021-02-09 00:00:00-05:00   100.0  0.0          0    0     0     0   300.0      300.0             0.0
9  2021-02-10 00:00:00-05:00   100.0  0.0          0    0     0     0   200.0      200.0             0.0
10 2021-02-11 00:00:00-05:00   100.0  0.0          0    0     0     0   100.0      100.0             0.0
11 2021-02-12 00:00:00-05:00   100.0  0.0          0   83     0    83    83.0       83.0             0.0
12 2021-02-13 00:00:00-05:00   100.0  0.0          0  217   211     6   200.0      200.0             0.0
13 2021-02-14 00:00:00-05:00   100.0  0.0          0    0     0     0   100.0      100.0             0.0
14 2021-02-15 00:00:00-05:00   100.0  0.0          0    0     0     0     0.0        0.0             0.0
15 2021-02-16 00:00:00-05:00   100.0  0.0          0  250   250     0   150.0      150.0             0.0
16 2021-02-17 00:00:00-05:00   100.0  0.0          0    0     0     0    50.0       50.0             0.0
17 2021-02-18 00:00:00-05:00   100.0  0.0          0  225   225     0   175.0      175.0             0.0
18 2021-02-19 00:00:00-05:00   100.0  0.0          0    0     0     0    75.0       75.0             0.0
19 2021-02-20 00:00:00-05:00   100.0  0.0          0  225     0   225   200.0      200.0             0.0
20 2021-02-21 00:00:00-05:00   100.0  0.0          0  300   300     0   400.0      400.0             0.0
21 2021-02-22 00:00:00-05:00   100.0  0.0          0    0     0     0   300.0      300.0             0.0
22 2021-02-23 00:00:00-05:00   100.0  0.0          0    0     0     0   200.0      200.0             0.0
23 2021-02-24 00:00:00-05:00   100.0  0.0          0    0     0     0   100.0      100.0             0.0
24 2021-02-25 00:00:00-05:00   100.0  0.0          0   83     0    83    83.0       83.0             0.0
25 2021-02-26 00:00:00-05:00   100.0  0.0          0  217   208     9   200.0      200.0             0.0
26 2021-02-27 00:00:00-05:00   100.0  0.0          0    0     0     0   100.0      100.0             0.0
27 2021-02-28 00:00:00-05:00   100.0  0.0          0    0     0     0     0.0        0.0             0.0
28 2021-03-01 00:00:00-05:00   100.0  0.0          0  250   250     0   150.0      150.0             0.0
29 2021-03-02 00:00:00-05:00   100.0  0.0          0    0     0     0    50.0       50.0             0.0
30 2021-03-03 00:00:00-05:00   100.0  0.0          0  225   225     0   175.0      175.0             0.0
31 2021-03-04 00:00:00-05:00   100.0  0.0          0    0     0     0    75.0       75.0             0.0
32 2021-03-05 00:00:00-05:00   100.0  0.0          0  212   212     0   187.0      187.0             0.0
33 2021-03-06 00:00:00-05:00   100.0  0.0          0    0     0     0    87.0       87.0             0.0
34 2021-03-07 00:00:00-05:00   100.0  0.0          0  206   206     0   193.0      193.0             0.0
35 2021-03-08 00:00:00-05:00   100.0  0.0          0    0     0     0    93.0       93.0             0.0
36 2021-03-09 00:00:00-05:00   100.0  0.0          0  203   203     0   196.0      196.0             0.0
37 2021-03-10 00:00:00-05:00   100.0  0.0          0    0     0     0    96.0       96.0             0.0
38 2021-03-11 00:00:00-05:00   100.0  0.0          0  202   202     0   198.0      198.0             0.0
39 2021-03-12 00:00:00-05:00   100.0  0.0          0    0     0     0    98.0       98.0             0.0
40 2021-03-13 00:00:00-05:00   100.0  0.0          0  201   201     0   199.0      199.0             0.0
41 2021-03-14 00:00:00-05:00   100.0  0.0          0    0     0     0    99.0       99.0             0.0
                  startdate                   enddate  volume  ordered_total  aop_and_ss  net_ss
0 2021-02-01 00:00:00+00:00 2021-02-08 00:00:00+00:00    -2.0            700       700.0     0.0
1 2021-02-08 00:00:00+00:00 2021-02-15 00:00:00+00:00    -2.0            600       700.0     0.0
2 2021-02-15 00:00:00+00:00 2021-02-22 00:00:00+00:00    -2.0           1000       700.0     0.0
