5001@7001
                  startdate                   enddate vendor  rank  volume  soq  srs  mso  buyguide percentage  actual_percentage
0 2021-02-01 00:00:00+00:00 2021-02-08 00:00:00+00:00   6001    -1    -1.0  280    0    0                 30.0          46.666667
3 2021-02-01 00:00:00+00:00 2021-02-08 00:00:00+00:00   6002    -1    -1.0  320    0    0                 30.0          53.333333
1 2021-02-08 00:00:00+00:00 2021-02-15 00:00:00+00:00   6001    -1    -1.0  440    0    0                 50.0          64.705882
4 2021-02-08 00:00:00+00:00 2021-02-15 00:00:00+00:00   6002    -1    -1.0  240    0    0                 25.0          35.294118
2 2021-02-15 00:00:00+00:00 2021-02-22 00:00:00+00:00   6001    -1    -1.0  360    0    0                 30.0          50.000000
5 2021-02-15 00:00:00+00:00 2021-02-22 00:00:00+00:00   6002    -1    -1.0  360    0    0                 30.0          50.000000
                        date  demand   ss  schedrcpt  mso  soq  6001  6002  projoh  projavail  ignored_demand
0  2021-02-01 00:00:00-05:00   100.0  0.0        0.0    0    0     0     0     0.0        0.0           100.0
1  2021-02-02 00:00:00-05:00   100.0  0.0        0.0    0    0     0     0     0.0        0.0           100.0
2  2021-02-03 00:00:00-05:00   100.0  0.0        0.0    0  120    40    80    20.0       20.0             0.0
3  2021-02-04 00:00:00-05:00   100.0  0.0      150.0    0    0     0     0    70.0       70.0             0.0
4  2021-02-05 00:00:00-05:00   100.0  0.0        0.0    0  160    80    80   130.0      130.0             0.0
5  2021-02-06 00:00:00-05:00   100.0  0.0        0.0    0  200   120    80   230.0      230.0             0.0
6  2021-02-07 00:00:00-05:00   100.0  0.0        0.0    0  120    40    80   250.0      250.0             0.0
7  2021-02-08 00:00:00-05:00   100.0  0.0        0.0    0   80    40    40   230.0      230.0             0.0
8  2021-02-09 00:00:00-05:00   100.0  0.0        0.0    0  120    80    40   250.0      250.0             0.0
9  2021-02-10 00:00:00-05:00   100.0  0.0        0.0    0   80    40    40   230.0      230.0             0.0
10 2021-02-11 00:00:00-05:00   100.0  0.0        0.0    0  120    80    40   250.0      250.0             0.0
11 2021-02-12 00:00:00-05:00   100.0  0.0        0.0    0   80    80     0   230.0      230.0             0.0
12 2021-02-13 00:00:00-05:00   100.0  0.0        0.0    0  120    40    80   250.0      250.0             0.0
13 2021-02-14 00:00:00-05:00   100.0  0.0        0.0    0   80    80     0   230.0      230.0             0.0
14 2021-02-15 00:00:00-05:00   100.0  0.0        0.0    0  120    40    80   250.0      250.0             0.0
15 2021-02-16 00:00:00-05:00   100.0  0.0        0.0    0   80    40    40   230.0      230.0             0.0
16 2021-02-17 00:00:00-05:00   100.0  0.0        0.0    0  120    80    40   250.0      250.0             0.0
17 2021-02-18 00:00:00-05:00   100.0  0.0        0.0    0   80    40    40   230.0      230.0             0.0
18 2021-02-19 00:00:00-05:00   100.0  0.0        0.0    0  120    40    80   250.0      250.0             0.0
19 2021-02-20 00:00:00-05:00   100.0  0.0        0.0    0   80    40    40   230.0      230.0             0.0
20 2021-02-21 00:00:00-05:00   100.0  0.0        0.0    0  120    80    40   250.0      250.0             0.0
                  startdate                   enddate  volume  ordered_total  srs_and_mso  aop_and_ss  net_ss
0 2021-02-01 00:00:00+00:00 2021-02-08 00:00:00+00:00    -2.0            600            0       700.0     0.0
1 2021-02-08 00:00:00+00:00 2021-02-15 00:00:00+00:00    -2.0            680            0       700.0     0.0
2 2021-02-15 00:00:00+00:00 2021-02-22 00:00:00+00:00    -2.0            720            0       700.0     0.0
