5001@7001
                   startdate                   enddate vendor  rank  volume  soq  buyguide percentage  actual_percentage
0  2021-02-01 00:00:00+00:00 2021-02-08 00:00:00+00:00   6001    -1    -1.0  130                 30.0          40.625000
4  2021-02-01 00:00:00+00:00 2021-02-08 00:00:00+00:00   6002    -1    -1.0   20                 30.0           6.250000
8  2021-02-01 00:00:00+00:00 2021-02-08 00:00:00+00:00   6003    -1    -1.0  170                 40.0          53.125000
1  2021-02-08 00:00:00+00:00 2021-02-15 00:00:00+00:00   6001    -1    -1.0  130                 25.0          27.659574
5  2021-02-08 00:00:00+00:00 2021-02-15 00:00:00+00:00   6002    -1    -1.0   60                 25.0          12.765957
9  2021-02-08 00:00:00+00:00 2021-02-15 00:00:00+00:00   6003    -1    -1.0  280                 50.0          59.574468
2  2021-02-15 00:00:00+00:00 2021-02-22 00:00:00+00:00   6001    -1    -1.0   95                 50.0          26.027397
6  2021-02-15 00:00:00+00:00 2021-02-22 00:00:00+00:00   6002    -1    -1.0    5                 25.0           1.369863
10 2021-02-15 00:00:00+00:00 2021-02-22 00:00:00+00:00   6003    -1    -1.0  265                 25.0          72.602740
3  2021-02-22 00:00:00+00:00 2021-03-01 00:00:00+00:00   6001    -1    -1.0  150                 50.0          30.000000
7  2021-02-22 00:00:00+00:00 2021-03-01 00:00:00+00:00   6002    -1    -1.0   40                 25.0           8.000000
11 2021-02-22 00:00:00+00:00 2021-03-01 00:00:00+00:00   6003    -1    -1.0  310                 25.0          62.000000
                        date  demand    ss  schedrcpt  soq  6001  6002  6003  projoh  projavail  ignored_demand
0  2021-02-01 00:00:00-05:00    43.0  15.0          0    0     0     0     0     0.0      -15.0            43.0
1  2021-02-02 00:00:00-05:00    57.0  15.0          0    0     0     0     0     0.0      -15.0            57.0
2  2021-02-03 00:00:00-05:00    34.0  15.0          0   50    45     5     0    16.0        1.0             0.0
3  2021-02-04 00:00:00-05:00    98.0  15.0          0  100     0     0   100    18.0        3.0             0.0
4  2021-02-05 00:00:00-05:00    54.0  15.0          0   55    35    15     5    19.0        4.0             0.0
5  2021-02-06 00:00:00-05:00    61.0  15.0          0   60     0     0    60    18.0        3.0             0.0
6  2021-02-07 00:00:00-05:00    54.0  15.0          0   55    50     0     5    19.0        4.0             0.0
7  2021-02-08 00:00:00-05:00    74.0  20.0          0   75     0     0    75    20.0        0.0             0.0
8  2021-02-09 00:00:00-05:00    34.0  20.0          0   35     0     0    35    21.0        1.0             0.0
9  2021-02-10 00:00:00-05:00    43.0  20.0          0   45    40     0     5    23.0        3.0             0.0
10 2021-02-11 00:00:00-05:00   101.0  20.0          0  100     0     0   100    22.0        2.0             0.0
11 2021-02-12 00:00:00-05:00    63.0  20.0          0   65    30    30     5    24.0        4.0             0.0
12 2021-02-13 00:00:00-05:00    55.0  20.0          0   55     0     0    55    24.0        4.0             0.0
13 2021-02-14 00:00:00-05:00    95.0  20.0          0   95    60    30     5    24.0        4.0             0.0
14 2021-02-15 00:00:00-05:00    72.0  10.0          0   60     0     0    60    12.0        2.0             0.0
15 2021-02-16 00:00:00-05:00    69.0  10.0          0   70     0     0    70    13.0        3.0             0.0
16 2021-02-17 00:00:00-05:00    70.0  10.0          0   70    60     5     5    13.0        3.0             0.0
17 2021-02-18 00:00:00-05:00    25.0  10.0          0   25     0     0    25    13.0        3.0             0.0
18 2021-02-19 00:00:00-05:00    39.0  10.0          0   40    35     0     5    14.0        4.0             0.0
19 2021-02-20 00:00:00-05:00    90.0  10.0          0  100     0     0   100    24.0       14.0             0.0
20 2021-02-21 00:00:00-05:00    10.0  10.0          0    0     0     0     0    14.0        4.0             0.0
21 2021-02-22 00:00:00-05:00    68.0  25.0          0   80     0     0    80    26.0        1.0             0.0
22 2021-02-23 00:00:00-05:00    62.0  25.0          0   65     0     0    65    29.0        4.0             0.0
23 2021-02-24 00:00:00-05:00    96.0  25.0          0  100   100     0     0    33.0        8.0             0.0
24 2021-02-25 00:00:00-05:00    94.0  25.0          0  100     0     0   100    39.0       14.0             0.0
25 2021-02-26 00:00:00-05:00    50.0  25.0          0   40    35     0     5    29.0        4.0             0.0
26 2021-02-27 00:00:00-05:00    59.0  25.0          0   55     0     0    55    25.0        0.0             0.0
27 2021-02-28 00:00:00-05:00    65.0  25.0          0   60    15    40     5    20.0       -5.0             0.0
28 2021-03-01 00:00:00-05:00     0.0  35.0          0    5     0     0     5    25.0      -10.0             0.0
29 2021-03-02 00:00:00-05:00     0.0  35.0          0    5     0     0     5    30.0       -5.0             0.0
30 2021-03-03 00:00:00-05:00     0.0  35.0          0    5     0     0     5    35.0        0.0             0.0
31 2021-03-04 00:00:00-05:00     0.0  35.0          0    0     0     0     0    35.0        0.0             0.0
32 2021-03-05 00:00:00-05:00     0.0  35.0          0    0     0     0     0    35.0        0.0             0.0
33 2021-03-06 00:00:00-05:00     0.0  35.0          0    0     0     0     0    35.0        0.0             0.0
34 2021-03-07 00:00:00-05:00     0.0  35.0          0    0     0     0     0    35.0        0.0             0.0
35 2021-03-08 00:00:00-05:00     0.0   0.0          0    0     0     0     0    35.0       35.0             0.0
36 2021-03-09 00:00:00-05:00     0.0   0.0          0    0     0     0     0    35.0       35.0             0.0
37 2021-03-10 00:00:00-05:00     0.0   0.0          0    0     0     0     0    35.0       35.0             0.0
38 2021-03-11 00:00:00-05:00     0.0   0.0          0    0     0     0     0    35.0       35.0             0.0
39 2021-03-12 00:00:00-05:00     0.0   0.0          0    0     0     0     0    35.0       35.0             0.0
40 2021-03-13 00:00:00-05:00     0.0   0.0          0    0     0     0     0    35.0       35.0             0.0
41 2021-03-14 00:00:00-05:00     0.0   0.0          0    0     0     0     0    35.0       35.0             0.0
                  startdate                   enddate  volume  ordered_total  aop_and_ss  net_ss
0 2021-02-01 00:00:00+00:00 2021-02-08 00:00:00+00:00    -3.0            320       416.0    15.0
1 2021-02-08 00:00:00+00:00 2021-02-15 00:00:00+00:00    -3.0            470       485.0    20.0
2 2021-02-15 00:00:00+00:00 2021-02-22 00:00:00+00:00    -3.0            365       385.0    10.0
3 2021-02-22 00:00:00+00:00 2021-03-01 00:00:00+00:00    -3.0            500       519.0    25.0
5002@7001
                  startdate                   enddate vendor  rank  volume  soq  buyguide percentage  actual_percentage
0 2021-02-01 00:00:00+00:00 2021-02-08 00:00:00+00:00   6001    -1    -1.0  316                 65.0          64.754098
4 2021-02-01 00:00:00+00:00 2021-02-08 00:00:00+00:00   6002    -1    -1.0  172                 35.0          35.245902
1 2021-02-08 00:00:00+00:00 2021-02-15 00:00:00+00:00   6001    -1    -1.0  260                 65.0          64.356436
5 2021-02-08 00:00:00+00:00 2021-02-15 00:00:00+00:00   6002    -1    -1.0  144                 35.0          35.643564
2 2021-02-15 00:00:00+00:00 2021-02-22 00:00:00+00:00   6001    -1    -1.0  252                 65.0          64.948454
6 2021-02-15 00:00:00+00:00 2021-02-22 00:00:00+00:00   6002    -1    -1.0  136                 35.0          35.051546
3 2021-02-22 00:00:00+00:00 2021-03-01 00:00:00+00:00   6001    -1    -1.0  188                 65.0          61.038961
7 2021-02-22 00:00:00+00:00 2021-03-01 00:00:00+00:00   6002    -1    -1.0  120                 35.0          38.961039
                        date  demand    ss  schedrcpt  soq  6001  6002  projoh  projavail  ignored_demand
0  2021-02-01 00:00:00-05:00    13.0  15.0          0    0     0     0     0.0      -15.0            13.0
1  2021-02-02 00:00:00-05:00    54.0  15.0          0    0     0     0     0.0      -15.0            54.0
2  2021-02-03 00:00:00-05:00    88.0  15.0          0  176   112    64    88.0       73.0             0.0
3  2021-02-04 00:00:00-05:00    71.0  15.0          0    0     0     0    17.0        2.0             0.0
4  2021-02-05 00:00:00-05:00    39.0  15.0          0  132    88    44   110.0       95.0             0.0
5  2021-02-06 00:00:00-05:00    95.0  15.0          0    0     0     0    15.0        0.0             0.0
6  2021-02-07 00:00:00-05:00    33.0  15.0          0  180   116    64   162.0      147.0             0.0
7  2021-02-08 00:00:00-05:00    72.0  20.0          0    0     0     0    90.0       70.0             0.0
8  2021-02-09 00:00:00-05:00    68.0  20.0          0    0     0     0    22.0        2.0             0.0
9  2021-02-10 00:00:00-05:00    68.0  20.0          0  112    72    40    66.0       46.0             0.0
10 2021-02-11 00:00:00-05:00    46.0  20.0          0    0     0     0    20.0        0.0             0.0
11 2021-02-12 00:00:00-05:00    39.0  20.0          0  136    88    48   117.0       97.0             0.0
12 2021-02-13 00:00:00-05:00    96.0  20.0          0    0     0     0    21.0        1.0             0.0
13 2021-02-14 00:00:00-05:00    62.0  20.0          0  156   100    56   115.0       95.0             0.0
14 2021-02-15 00:00:00-05:00    67.0  10.0          0    0     0     0    48.0       38.0             0.0
15 2021-02-16 00:00:00-05:00    37.0  10.0          0    0     0     0    11.0        1.0             0.0
16 2021-02-17 00:00:00-05:00    24.0  10.0          0   96    60    36    83.0       73.0             0.0
17 2021-02-18 00:00:00-05:00    71.0  10.0          0    0     0     0    12.0        2.0             0.0
18 2021-02-19 00:00:00-05:00    89.0  10.0          0  124    80    44    47.0       37.0             0.0
19 2021-02-20 00:00:00-05:00    34.0  10.0          0    0     0     0    13.0        3.0             0.0
20 2021-02-21 00:00:00-05:00    85.0  10.0          0  168   112    56    96.0       86.0             0.0
21 2021-02-22 00:00:00-05:00    47.0  25.0          0    0     0     0    49.0       24.0             0.0
22 2021-02-23 00:00:00-05:00    24.0  25.0          0    0     0     0    25.0        0.0             0.0
23 2021-02-24 00:00:00-05:00    97.0  25.0          0  168   108    60    96.0       71.0             0.0
24 2021-02-25 00:00:00-05:00    70.0  25.0          0    0     0     0    26.0        1.0             0.0
25 2021-02-26 00:00:00-05:00    28.0  25.0          0   92    60    32    90.0       65.0             0.0
26 2021-02-27 00:00:00-05:00    64.0  25.0          0    0     0     0    26.0        1.0             0.0
27 2021-02-28 00:00:00-05:00    57.0  25.0          0   48    20    28    17.0       -8.0             0.0
28 2021-03-01 00:00:00-05:00     0.0  35.0          0    0     0     0    17.0      -18.0             0.0
29 2021-03-02 00:00:00-05:00     0.0  35.0          0    0     0     0    17.0      -18.0             0.0
30 2021-03-03 00:00:00-05:00     0.0  35.0          0    4     0     4    21.0      -14.0             0.0
31 2021-03-04 00:00:00-05:00     0.0  35.0          0    0     0     0    21.0      -14.0             0.0
32 2021-03-05 00:00:00-05:00     0.0  35.0          0    4     0     4    25.0      -10.0             0.0
33 2021-03-06 00:00:00-05:00     0.0  35.0          0    0     0     0    25.0      -10.0             0.0
34 2021-03-07 00:00:00-05:00     0.0  35.0          0    0     0     0    25.0      -10.0             0.0
35 2021-03-08 00:00:00-05:00     0.0   0.0          0    0     0     0    25.0       25.0             0.0
36 2021-03-09 00:00:00-05:00     0.0   0.0          0    0     0     0    25.0       25.0             0.0
37 2021-03-10 00:00:00-05:00     0.0   0.0          0    0     0     0    25.0       25.0             0.0
38 2021-03-11 00:00:00-05:00     0.0   0.0          0    0     0     0    25.0       25.0             0.0
39 2021-03-12 00:00:00-05:00     0.0   0.0          0    0     0     0    25.0       25.0             0.0
40 2021-03-13 00:00:00-05:00     0.0   0.0          0    0     0     0    25.0       25.0             0.0
41 2021-03-14 00:00:00-05:00     0.0   0.0          0    0     0     0    25.0       25.0             0.0
                  startdate                   enddate  volume  ordered_total  aop_and_ss  net_ss
0 2021-02-01 00:00:00+00:00 2021-02-08 00:00:00+00:00    -2.0            488       408.0    15.0
1 2021-02-08 00:00:00+00:00 2021-02-15 00:00:00+00:00    -2.0            404       471.0    20.0
2 2021-02-15 00:00:00+00:00 2021-02-22 00:00:00+00:00    -2.0            388       417.0    10.0
3 2021-02-22 00:00:00+00:00 2021-03-01 00:00:00+00:00    -2.0            308       412.0    25.0
