5001@7001
                  startdate                   enddate vendor  rank  volume  soq  srs  mso  buyguide percentage  actual_percentage
0 2021-02-01 00:00:00+00:00 2021-02-08 00:00:00+00:00   6001     1   150.0  150    0    0                 -1.0          40.540541
3 2021-02-01 00:00:00+00:00 2021-02-08 00:00:00+00:00   6002     1   120.0  120    0    0                 -1.0          32.432432
6 2021-02-01 00:00:00+00:00 2021-02-08 00:00:00+00:00   6003     2   100.0  100    0    0                 -1.0          27.027027
1 2021-02-08 00:00:00+00:00 2021-02-15 00:00:00+00:00   6001     1   150.0  130    0    0                 -1.0          37.142857
4 2021-02-08 00:00:00+00:00 2021-02-15 00:00:00+00:00   6002     1   120.0  120    0    0                 -1.0          34.285714
7 2021-02-08 00:00:00+00:00 2021-02-15 00:00:00+00:00   6003     2   100.0  100    0    0                 -1.0          28.571429
2 2021-02-15 00:00:00+00:00 2021-02-21 00:00:00+00:00   6001     1   150.0   20    0    0                 -1.0          14.285714
5 2021-02-15 00:00:00+00:00 2021-02-21 00:00:00+00:00   6002     1   120.0  120    0    0                 -1.0          85.714286
                        date  demand   ss  schedrcpt  mso  soq  6002  6003  6001  projoh  projavail  ignored_demand
0  2021-02-01 00:00:00-05:00    60.0  0.0          0    0    0     0     0     0     0.0        0.0            60.0
1  2021-02-02 00:00:00-05:00    70.0  0.0          0    0   70    70     0     0     0.0        0.0             0.0
2  2021-02-03 00:00:00-05:00   100.0  0.0          0    0  100     0     0   100     0.0        0.0             0.0
3  2021-02-04 00:00:00-05:00    40.0  0.0          0    0   40    40     0     0     0.0        0.0             0.0
4  2021-02-05 00:00:00-05:00    60.0  0.0          0    0   60    10     0    50     0.0        0.0             0.0
5  2021-02-06 00:00:00-05:00    90.0  0.0          0    0   90     0    90     0     0.0        0.0             0.0
6  2021-02-07 00:00:00-05:00    50.0  0.0          0    0   10     0    10     0     0.0        0.0            40.0
7  2021-02-08 00:00:00-05:00    30.0  0.0          0    0   30    30     0     0     0.0        0.0             0.0
8  2021-02-09 00:00:00-05:00    80.0  0.0          0    0   80    80     0     0     0.0        0.0             0.0
9  2021-02-10 00:00:00-05:00    40.0  0.0          0    0   40     0     0    40     0.0        0.0             0.0
10 2021-02-11 00:00:00-05:00   100.0  0.0          0    0  100    10    90     0     0.0        0.0             0.0
11 2021-02-12 00:00:00-05:00    70.0  0.0          0    0   70     0     0    70     0.0        0.0             0.0
12 2021-02-13 00:00:00-05:00   110.0  0.0          0    0   10     0    10     0     0.0        0.0           100.0
13 2021-02-14 00:00:00-05:00    20.0  0.0          0    0   20     0     0    20     0.0        0.0             0.0
14 2021-02-15 00:00:00-05:00    80.0  0.0          0    0   80    80     0     0     0.0        0.0             0.0
15 2021-02-16 00:00:00-05:00   100.0  0.0          0    0  100    40    60     0     0.0        0.0             0.0
16 2021-02-17 00:00:00-05:00    20.0  0.0          0    0   20     0     0    20     0.0        0.0             0.0
17 2021-02-18 00:00:00-05:00    40.0  0.0          0    0   40     0    40     0     0.0        0.0             0.0
18 2021-02-19 00:00:00-05:00     0.0  0.0          0    0    0     0     0     0     0.0        0.0             0.0
19 2021-02-20 00:00:00-05:00     0.0  0.0          0    0    0     0     0     0     0.0        0.0             0.0
20 2021-02-21 00:00:00-05:00     0.0  0.0          0    0    0     0     0     0     0.0        0.0             0.0
                  startdate                   enddate  volume  ordered_total  srs_and_mso  aop_and_ss  net_ss
0 2021-02-01 00:00:00+00:00 2021-02-08 00:00:00+00:00   370.0            370            0       470.0     0.0
1 2021-02-08 00:00:00+00:00 2021-02-15 00:00:00+00:00   370.0            350            0       450.0     0.0
2 2021-02-15 00:00:00+00:00 2021-02-21 00:00:00+00:00   270.0            140            0       240.0     0.0
