SRS_50254
5001@7001
                   startdate                   enddate vendor  rank  volume_exact  volume_upto  soq    srs  mso  buyguide percentage  actual_percentage  order_total
0  2021-02-01 00:00:00+00:00 2021-02-08 00:00:00+00:00   6001     1         100.0         -1.0  100    0.0    0                 -1.0          33.333333        300.0
4  2021-02-01 00:00:00+00:00 2021-02-08 00:00:00+00:00   6002     2         100.0         -1.0  100    0.0    0                 -1.0          33.333333        300.0
8  2021-02-01 00:00:00+00:00 2021-02-08 00:00:00+00:00   6003     3         100.0         -1.0  100    0.0    0                 -1.0          33.333333        300.0
1  2021-02-08 00:00:00+00:00 2021-02-15 00:00:00+00:00   6001     1         100.0         -1.0    0  100.0    0                 -1.0          20.618557        485.0
5  2021-02-08 00:00:00+00:00 2021-02-15 00:00:00+00:00   6002     2         100.0         -1.0    0  120.0    0                 -1.0          24.742268        485.0
9  2021-02-08 00:00:00+00:00 2021-02-15 00:00:00+00:00   6003     3         265.0         -1.0  265    0.0    0                 -1.0          54.639175        485.0
2  2021-02-15 00:00:00+00:00 2021-02-22 00:00:00+00:00   6001     1         100.0         -1.0  100    0.0    0                 -1.0          26.666667        375.0
6  2021-02-15 00:00:00+00:00 2021-02-22 00:00:00+00:00   6002     2         100.0         -1.0  100    0.0    0                 -1.0          26.666667        375.0
10 2021-02-15 00:00:00+00:00 2021-02-22 00:00:00+00:00   6003     3         175.0         -1.0  175    0.0    0                 -1.0          46.666667        375.0
3  2021-02-22 00:00:00+00:00 2021-03-01 00:00:00+00:00   6001     1         100.0         -1.0  100    0.0    0                 -1.0          20.408163        490.0
7  2021-02-22 00:00:00+00:00 2021-03-01 00:00:00+00:00   6002     2         100.0         -1.0  100    0.0    0                 -1.0          20.408163        490.0
11 2021-02-22 00:00:00+00:00 2021-03-01 00:00:00+00:00   6003     3         295.0         -1.0  290    0.0    0                 -1.0          59.183673        490.0
                        date  demand    ss  avo  schedrcpt  mso  soq  6001  6002  6003  projoh  projavail  ignored_demand  incoming_supply
0  2021-02-01 00:00:00-05:00    43.0  15.0    0        4.0    0    0     0     0     0     0.0      -15.0            39.0                0
1  2021-02-02 00:00:00-05:00    57.0  15.0    0        0.0    0    0     0     0     0     0.0      -15.0            57.0                0
2  2021-02-03 00:00:00-05:00    34.0  15.0    0        0.0    0   50    50     0     0    16.0        1.0             0.0               50
3  2021-02-04 00:00:00-05:00    98.0  15.0    0        0.0    0  100    50    50     0    18.0        3.0             0.0              100
4  2021-02-05 00:00:00-05:00    54.0  15.0    0        0.0    0   55     0    50     5    19.0        4.0             0.0               55
5  2021-02-06 00:00:00-05:00    61.0  15.0    0        0.0    0   60     0     0    60    18.0        3.0             0.0               60
6  2021-02-07 00:00:00-05:00    54.0  15.0    0        0.0    0   35     0     0    35     0.0      -15.0             1.0               35
7  2021-02-08 00:00:00-05:00    74.0  20.0    0        0.0    0  100     0     0   100    26.0        6.0             0.0              100
8  2021-02-09 00:00:00-05:00    34.0  20.0    0      100.0    0    0     0     0     0    92.0       72.0             0.0                0
9  2021-02-10 00:00:00-05:00    43.0  20.0    0        0.0    0    0     0     0     0    49.0       29.0             0.0                0
10 2021-02-11 00:00:00-05:00   101.0  20.0    0        0.0    0   75     0     0    75    23.0        3.0             0.0               75
11 2021-02-12 00:00:00-05:00    63.0  20.0    0        0.0    0   60     0     0    60    20.0        0.0             0.0               60
12 2021-02-13 00:00:00-05:00    55.0  20.0    0        0.0    0   30     0     0    30     0.0      -20.0             5.0               30
13 2021-02-14 00:00:00-05:00    95.0  20.0    0        0.0    0    0     0     0     0     0.0      -20.0            95.0                0
14 2021-02-15 00:00:00-05:00    72.0  10.0    0        0.0    0   85    85     0     0    13.0        3.0             0.0               85
15 2021-02-16 00:00:00-05:00    69.0  10.0    0        0.0    0   70    15    55     0    14.0        4.0             0.0               70
16 2021-02-17 00:00:00-05:00    70.0  10.0    0        0.0    0   70     0    45    25    14.0        4.0             0.0               70
17 2021-02-18 00:00:00-05:00    25.0  10.0    0        0.0    0   25     0     0    25    14.0        4.0             0.0               25
18 2021-02-19 00:00:00-05:00    39.0  10.0    0        0.0    0   35     0     0    35    10.0        0.0             0.0               35
19 2021-02-20 00:00:00-05:00    90.0  10.0    0        0.0    0   90     0     0    90    10.0        0.0             0.0               90
20 2021-02-21 00:00:00-05:00    10.0  10.0    0        0.0    0    0     0     0     0     0.0      -10.0             0.0                0
                  startdate                   enddate  volume_exact  volume_upto  ordered_total  srs_and_mso  aop_and_ss_and_avo  net_ss  ignored_demand
0 2021-02-01 00:00:00+00:00 2021-02-08 00:00:00+00:00         300.0         -3.0            300          0.0               416.0    15.0          -116.0
1 2021-02-08 00:00:00+00:00 2021-02-15 00:00:00+00:00         465.0         -3.0            265        220.0               470.0     5.0            15.0
2 2021-02-15 00:00:00+00:00 2021-02-22 00:00:00+00:00         375.0         -3.0            375          0.0               365.0   -10.0            10.0
3 2021-02-22 00:00:00+00:00 2021-03-01 00:00:00+00:00         495.0         -3.0            490          0.0                 0.0     0.0           490.0
5002@7001
                  startdate                   enddate vendor  rank  volume_exact  volume_upto  soq  srs  mso  buyguide percentage  actual_percentage  order_total
0 2021-02-01 00:00:00+00:00 2021-02-08 00:00:00+00:00   6001     1         200.0         -1.0  200    0    0                 -1.0          58.139535          344
4 2021-02-01 00:00:00+00:00 2021-02-08 00:00:00+00:00   6002     2         200.0         -1.0  144    0    0                 -1.0          41.860465          344
1 2021-02-08 00:00:00+00:00 2021-02-15 00:00:00+00:00   6001     1         200.0         -1.0  200    0    0                 -1.0          59.523810          336
5 2021-02-08 00:00:00+00:00 2021-02-15 00:00:00+00:00   6002     2         250.0         -1.0  136    0    0                 -1.0          40.476190          336
2 2021-02-15 00:00:00+00:00 2021-02-22 00:00:00+00:00   6001     1         200.0         -1.0  200    0    0                 -1.0          50.505051          396
6 2021-02-15 00:00:00+00:00 2021-02-22 00:00:00+00:00   6002     2         210.0         -1.0  196    0    0                 -1.0          49.494949          396
3 2021-02-22 00:00:00+00:00 2021-03-01 00:00:00+00:00   6001     1         200.0         -1.0  200    0    0                 -1.0          53.763441          372
7 2021-02-22 00:00:00+00:00 2021-03-01 00:00:00+00:00   6002     2         200.0         -1.0  172    0    0                 -1.0          46.236559          372
                        date  demand    ss  avo  schedrcpt  mso  soq  6001  6002  projoh  projavail  ignored_demand  incoming_supply
0  2021-02-01 00:00:00-05:00    13.0  15.0    0        4.0    0    0     0     0     0.0      -15.0             9.0                0
1  2021-02-02 00:00:00-05:00    54.0  15.0    0        0.0    0    0     0     0     0.0      -15.0            54.0                0
2  2021-02-03 00:00:00-05:00    88.0  15.0    0        0.0    0  104   104     0    16.0        1.0             0.0              104
3  2021-02-04 00:00:00-05:00    71.0  15.0    0        0.0    0   72    72     0    17.0        2.0             0.0               72
4  2021-02-05 00:00:00-05:00    39.0  15.0    0        0.0    0   40    24    16    18.0        3.0             0.0               40
5  2021-02-06 00:00:00-05:00    95.0  15.0    0        0.0    0  100     0   100    23.0        8.0             0.0              100
6  2021-02-07 00:00:00-05:00    33.0  15.0    0        0.0    0   28     0    28    18.0        3.0             0.0               28
7  2021-02-08 00:00:00-05:00    72.0  20.0    0        0.0    0   76    76     0    22.0        2.0             0.0               76
8  2021-02-09 00:00:00-05:00    68.0  20.0    0        0.0    0   68    68     0    22.0        2.0             0.0               68
9  2021-02-10 00:00:00-05:00    68.0  20.0    0        0.0    0   68    56    12    22.0        2.0             0.0               68
10 2021-02-11 00:00:00-05:00    46.0  20.0    0      120.0    0    0     0     0    96.0       76.0             0.0                0
11 2021-02-12 00:00:00-05:00    39.0  20.0    0        0.0    0    0     0     0    57.0       37.0             0.0                0
12 2021-02-13 00:00:00-05:00    96.0  20.0    0        0.0    0   60     0    60    21.0        1.0             0.0               60
13 2021-02-14 00:00:00-05:00    62.0  20.0    0        0.0    0   64     0    64    23.0        3.0             0.0               64
14 2021-02-15 00:00:00-05:00    67.0  10.0    0        0.0    0   56    56     0    12.0        2.0             0.0               56
15 2021-02-16 00:00:00-05:00    37.0  10.0    0        0.0    0   36    36     0    11.0        1.0             0.0               36
16 2021-02-17 00:00:00-05:00    24.0  10.0    0        0.0    0   24    24     0    11.0        1.0             0.0               24
17 2021-02-18 00:00:00-05:00    71.0  10.0    0        0.0    0   72    72     0    12.0        2.0             0.0               72
18 2021-02-19 00:00:00-05:00    89.0  10.0    0        0.0    0   88    12    76    11.0        1.0             0.0               88
19 2021-02-20 00:00:00-05:00    34.0  10.0    0        0.0    0   36     0    36    13.0        3.0             0.0               36
20 2021-02-21 00:00:00-05:00    85.0  10.0    0        0.0    0   84     0    84    12.0        2.0             0.0               84
                  startdate                   enddate  volume_exact  volume_upto  ordered_total  srs_and_mso  aop_and_ss_and_avo  net_ss  ignored_demand
0 2021-02-01 00:00:00+00:00 2021-02-08 00:00:00+00:00         400.0         -2.0            344            0               408.0    15.0           -64.0
1 2021-02-08 00:00:00+00:00 2021-02-15 00:00:00+00:00         450.0         -2.0            336            0               456.0     5.0          -120.0
2 2021-02-15 00:00:00+00:00 2021-02-22 00:00:00+00:00         410.0         -2.0            396            0               397.0   -10.0            -1.0
3 2021-02-22 00:00:00+00:00 2021-03-01 00:00:00+00:00         400.0         -2.0            372            0                 0.0     0.0           372.0
5003@7001
   startdate    enddate vendor  rank  volume_exact  volume_upto  soq  srs  mso  buyguide percentage  actual_percentage  order_total
0 2021-02-01 2021-02-02   6002    -1            -1           -1    0    0    0                100.0                  0            0
1 2021-02-02 2021-02-03   6002    -1            -1           -1    0    0    0                100.0                  0            0
                        date  demand    ss  avo  schedrcpt  mso  soq  6002  projoh  projavail  ignored_demand  incoming_supply
0  2021-02-01 00:00:00-05:00   101.0  15.0    0        4.0    0    0     0     0.0      -15.0            97.0                0
1  2021-02-02 00:00:00-05:00    92.0  15.0    0        0.0    0    0     0     0.0      -15.0            92.0                0
2  2021-02-03 00:00:00-05:00    61.0  15.0    0        0.0    0   78    78    17.0        2.0             0.0               78
3  2021-02-04 00:00:00-05:00    75.0  15.0    0        0.0    0   75    75    17.0        2.0             0.0               75
4  2021-02-05 00:00:00-05:00    21.0  15.0    0        0.0    0   21    21    17.0        2.0             0.0               21
5  2021-02-06 00:00:00-05:00    68.0  15.0    0        0.0    0   66    66    15.0        0.0             0.0               66
6  2021-02-07 00:00:00-05:00    69.0  15.0    0        0.0    0   69    69    15.0        0.0             0.0               69
7  2021-02-08 00:00:00-05:00    48.0  20.0    0        0.0    0   54    54    21.0        1.0             0.0               54
8  2021-02-09 00:00:00-05:00    98.0  20.0    0        0.0    0   99    99    22.0        2.0             0.0               99
9  2021-02-10 00:00:00-05:00    94.0  20.0    0        0.0    0   93    93    21.0        1.0             0.0               93
10 2021-02-11 00:00:00-05:00    13.0  20.0    0        0.0    0   12    12    20.0        0.0             0.0               12
11 2021-02-12 00:00:00-05:00    37.0  20.0    0        0.0    0   39    39    22.0        2.0             0.0               39
12 2021-02-13 00:00:00-05:00    12.0  20.0    0        0.0    0   12    12    22.0        2.0             0.0               12
13 2021-02-14 00:00:00-05:00    67.0  20.0    0        0.0    0   66    66    21.0        1.0             0.0               66
14 2021-02-15 00:00:00-05:00   102.0  10.0    0        0.0    0   93    93    12.0        2.0             0.0               93
15 2021-02-16 00:00:00-05:00    42.0  10.0    0        0.0    0   42    42    12.0        2.0             0.0               42
16 2021-02-17 00:00:00-05:00    62.0  10.0    0        0.0    0   60    60    10.0        0.0             0.0               60
17 2021-02-18 00:00:00-05:00   104.0  10.0    0        0.0    0  105   105    11.0        1.0             0.0              105
18 2021-02-19 00:00:00-05:00    57.0  10.0    0        0.0    0   57    57    11.0        1.0             0.0               57
19 2021-02-20 00:00:00-05:00    30.0  10.0    0        0.0    0   30    30    11.0        1.0             0.0               30
20 2021-02-21 00:00:00-05:00    13.0  10.0    0        0.0    0   12    12    10.0        0.0             0.0               12
   startdate    enddate  volume_exact  volume_upto  ordered_total  srs_and_mso  aop_and_ss_and_avo  net_ss  ignored_demand
0 2021-02-01 2021-02-02            -1           -1              0            0               116.0    15.0          -116.0
1 2021-02-02 2021-02-03            -1           -1              0            0                92.0     0.0           -92.0
5004@7001
   startdate    enddate vendor  rank  volume_exact  volume_upto  soq  srs  mso  buyguide percentage  actual_percentage  order_total
0 2021-02-01 2021-02-02   6003    -1            -1           -1    0    0    0                100.0                  0            0
1 2021-02-02 2021-02-03   6003    -1            -1           -1    0    0    0                100.0                  0            0
                        date  demand    ss  avo  schedrcpt  mso  soq  6003  projoh  projavail  ignored_demand  incoming_supply
0  2021-02-01 00:00:00-05:00    38.0  15.0    0        4.0    0    0     0     0.0      -15.0            34.0                0
1  2021-02-02 00:00:00-05:00    77.0  15.0    0        0.0    0    0     0     0.0      -15.0            77.0                0
2  2021-02-03 00:00:00-05:00    20.0  15.0    0        0.0    0   36    36    16.0        1.0             0.0               36
3  2021-02-04 00:00:00-05:00    16.0  15.0    0        0.0    0   16    16    16.0        1.0             0.0               16
4  2021-02-05 00:00:00-05:00    49.0  15.0    0        0.0    0   48    48    15.0        0.0             0.0               48
5  2021-02-06 00:00:00-05:00    66.0  15.0    0        0.0    0   68    68    17.0        2.0             0.0               68
6  2021-02-07 00:00:00-05:00    65.0  15.0    0        0.0    0   64    64    16.0        1.0             0.0               64
7  2021-02-08 00:00:00-05:00    97.0  20.0    0        0.0    0  104   104    23.0        3.0             0.0              104
8  2021-02-09 00:00:00-05:00    14.0  20.0    0        0.0    0   12    12    21.0        1.0             0.0               12
9  2021-02-10 00:00:00-05:00    55.0  20.0    0        0.0    0   56    56    22.0        2.0             0.0               56
10 2021-02-11 00:00:00-05:00   104.0  20.0    0        0.0    0  104   104    22.0        2.0             0.0              104
11 2021-02-12 00:00:00-05:00    12.0  20.0    0        0.0    0   12    12    22.0        2.0             0.0               12
12 2021-02-13 00:00:00-05:00    64.0  20.0    0        0.0    0   64    64    22.0        2.0             0.0               64
13 2021-02-14 00:00:00-05:00    26.0  20.0    0        0.0    0   24    24    20.0        0.0             0.0               24
14 2021-02-15 00:00:00-05:00    78.0  10.0    0        0.0    0   68    68    10.0        0.0             0.0               68
15 2021-02-16 00:00:00-05:00    12.0  10.0    0        0.0    0   12    12    10.0        0.0             0.0               12
16 2021-02-17 00:00:00-05:00   106.0  10.0    0        0.0    0  108   108    12.0        2.0             0.0              108
17 2021-02-18 00:00:00-05:00    54.0  10.0    0        0.0    0   52    52    10.0        0.0             0.0               52
18 2021-02-19 00:00:00-05:00    92.0  10.0    0        0.0    0  100   100    18.0        8.0             0.0              100
19 2021-02-20 00:00:00-05:00    47.0  10.0    0        0.0    0   40    40    11.0        1.0             0.0               40
20 2021-02-21 00:00:00-05:00    68.0  10.0    0        0.0    0   68    68    11.0        1.0             0.0               68
   startdate    enddate  volume_exact  volume_upto  ordered_total  srs_and_mso  aop_and_ss_and_avo  net_ss  ignored_demand
0 2021-02-01 2021-02-02            -1           -1              0            0                53.0    15.0           -53.0
1 2021-02-02 2021-02-03            -1           -1              0            0                77.0     0.0           -77.0
