VOL-50514

Purpose:Test Scenarios of single vendor with UPTO



Details:Percentage use case, with UPTO configured for a single vendor. This Vendor to only order on days along


results :
All demand met by this vendor till UPTO limit, post that, the days demand to be met by the earlier order

respect percentage for the vendors where upto not defined

5001@7001
                   startdate                   enddate vendor  rank  volume_exact  volume_upto  soq  srs  mso  buyguide percentage  actual_percentage  order_total
0  2021-02-01 00:00:00+00:00 2021-02-08 00:00:00+00:00   6001    -1          -1.0         75.0   75  0.0    0                 30.0          17.857143        420.0
4  2021-02-01 00:00:00+00:00 2021-02-08 00:00:00+00:00   6002    -1          -1.0         -1.0  145  0.0    0                 30.0          34.523810        420.0
8  2021-02-01 00:00:00+00:00 2021-02-08 00:00:00+00:00   6003    -1          -1.0         -1.0  200  0.0    0                 40.0          47.619048        420.0
1  2021-02-08 00:00:00+00:00 2021-02-15 00:00:00+00:00   6001    -1          -1.0         75.0   75  0.0    0                 50.0          15.625000        480.0
5  2021-02-08 00:00:00+00:00 2021-02-15 00:00:00+00:00   6002    -1          -1.0         -1.0  205  0.0    0                 25.0          42.708333        480.0
9  2021-02-08 00:00:00+00:00 2021-02-15 00:00:00+00:00   6003    -1          -1.0         -1.0  200  0.0    0                 25.0          41.666667        480.0
2  2021-02-15 00:00:00+00:00 2021-02-22 00:00:00+00:00   6001    -1          -1.0         75.0   75  0.0    0                 34.0          21.126761        355.0
6  2021-02-15 00:00:00+00:00 2021-02-22 00:00:00+00:00   6002    -1          -1.0         -1.0  140  0.0    0                 33.0          39.436620        355.0
10 2021-02-15 00:00:00+00:00 2021-02-22 00:00:00+00:00   6003    -1          -1.0         -1.0  140  0.0    0                 33.0          39.436620        355.0
3  2021-02-22 00:00:00+00:00 2021-03-01 00:00:00+00:00   6001    -1          -1.0         75.0   75  0.0    0                 60.0          22.388060        335.0
7  2021-02-22 00:00:00+00:00 2021-03-01 00:00:00+00:00   6002    -1          -1.0         -1.0  135  0.0    0                 20.0          40.298507        335.0
11 2021-02-22 00:00:00+00:00 2021-03-01 00:00:00+00:00   6003    -1          -1.0         -1.0  125  0.0    0                 20.0          37.313433        335.0
                        date  demand    ss  avo  schedrcpt  mso  soq  6001  6002  6003  projoh  projavail  ignored_demand  incoming_supply
0  2021-02-01 00:00:00-05:00    43.0  15.0    0        0.0    0    0     0     0     0     0.0      -15.0            43.0                0
1  2021-02-02 00:00:00-05:00    57.0  15.0    0        0.0    0    0     0     0     0     0.0      -15.0            57.0                0
2  2021-02-03 00:00:00-05:00    34.0  15.0    0        0.0    0   50    50     0     0    16.0        1.0             0.0               50
3  2021-02-04 00:00:00-05:00    98.0  15.0    0        0.0    0  100     0    45    55    18.0        3.0             0.0              100
4  2021-02-05 00:00:00-05:00    54.0  15.0    0        0.0    0   25    25     0     0     0.0      -15.0            11.0               25
5  2021-02-06 00:00:00-05:00    61.0  15.0    0        0.0    0  245     0   100   145   184.0      169.0             0.0              245
6  2021-02-07 00:00:00-05:00    54.0  15.0    0        0.0    0    0     0     0     0   130.0      115.0             0.0                0
7  2021-02-08 00:00:00-05:00    74.0  20.0    0        0.0    0    0     0     0     0    56.0       36.0             0.0                0
8  2021-02-09 00:00:00-05:00    34.0  20.0    0        0.0    0    0     0     0     0    22.0        2.0             0.0                0
9  2021-02-10 00:00:00-05:00    43.0  20.0    0        0.0    0   45    45     0     0    24.0        4.0             0.0               45
10 2021-02-11 00:00:00-05:00   101.0  20.0    0        0.0    0  100     0    50    50    23.0        3.0             0.0              100
11 2021-02-12 00:00:00-05:00    63.0  20.0    0        0.0    0   30    30     0     0     0.0      -20.0            10.0               30
12 2021-02-13 00:00:00-05:00    55.0  20.0    0        0.0    0  305     0   155   150   250.0      230.0             0.0              305
13 2021-02-14 00:00:00-05:00    95.0  20.0    0        0.0    0    0     0     0     0   155.0      135.0             0.0                0
14 2021-02-15 00:00:00-05:00    72.0  10.0    0        0.0    0    0     0     0     0    83.0       73.0             0.0                0
15 2021-02-16 00:00:00-05:00    69.0  10.0    0        0.0    0    0     0     0     0    14.0        4.0             0.0                0
16 2021-02-17 00:00:00-05:00    70.0  10.0    0        0.0    0   70    70     0     0    14.0        4.0             0.0               70
17 2021-02-18 00:00:00-05:00    25.0  10.0    0        0.0    0   25     0    15    10    14.0        4.0             0.0               25
18 2021-02-19 00:00:00-05:00    39.0  10.0    0        0.0    0    5     5     0     0     0.0      -10.0            20.0                5
19 2021-02-20 00:00:00-05:00    90.0  10.0    0        0.0    0  255     0   125   130   165.0      155.0             0.0              255
20 2021-02-21 00:00:00-05:00    10.0  10.0    0        0.0    0    0     0     0     0   155.0      145.0             0.0                0
                  startdate                   enddate  volume_exact  volume_upto  ordered_total  srs_and_mso  aop_and_ss_and_avo  net_ss  ignored_demand
0 2021-02-01 00:00:00+00:00 2021-02-08 00:00:00+00:00          -3.0         73.0            420          0.0               416.0    15.0             4.0
1 2021-02-08 00:00:00+00:00 2021-02-15 00:00:00+00:00          -3.0         73.0            480          0.0               470.0     5.0            10.0
2 2021-02-15 00:00:00+00:00 2021-02-22 00:00:00+00:00          -3.0         73.0            355          0.0               365.0   -10.0           -10.0
3 2021-02-22 00:00:00+00:00 2021-03-01 00:00:00+00:00          -3.0         73.0            335          0.0                 0.0     0.0           335.0
5002@7001
                  startdate                   enddate vendor  rank  volume_exact  volume_upto  soq  srs  mso  buyguide percentage  actual_percentage  order_total
0 2021-02-01 00:00:00+00:00 2021-02-08 00:00:00+00:00   6001    -1          -1.0         75.0   68  4.0    0                 50.0          15.384615        468.0
4 2021-02-01 00:00:00+00:00 2021-02-08 00:00:00+00:00   6002    -1          -1.0         -1.0  396  0.0    0                 50.0          84.615385        468.0
1 2021-02-08 00:00:00+00:00 2021-02-15 00:00:00+00:00   6001    -1          -1.0         75.0   72  0.0    0                 60.0          18.556701        388.0
5 2021-02-08 00:00:00+00:00 2021-02-15 00:00:00+00:00   6002    -1          -1.0         -1.0  316  0.0    0                 40.0          81.443299        388.0
2 2021-02-15 00:00:00+00:00 2021-02-22 00:00:00+00:00   6001    -1          -1.0         75.0   72  0.0    0                 75.0          20.000000        360.0
6 2021-02-15 00:00:00+00:00 2021-02-22 00:00:00+00:00   6002    -1          -1.0         -1.0  288  0.0    0                 25.0          80.000000        360.0
3 2021-02-22 00:00:00+00:00 2021-03-01 00:00:00+00:00   6001    -1          -1.0         75.0   72  0.0    0                 60.0          25.000000        288.0
7 2021-02-22 00:00:00+00:00 2021-03-01 00:00:00+00:00   6002    -1          -1.0         -1.0  216  0.0    0                 40.0          75.000000        288.0
                        date  demand    ss  avo  schedrcpt  mso  soq  6001  6002  projoh  projavail  ignored_demand  incoming_supply
0  2021-02-01 00:00:00-05:00    13.0  15.0    0        0.0    0    0     0     0     0.0      -15.0            13.0                0
1  2021-02-02 00:00:00-05:00    54.0  15.0    0        0.0    0    0     0     0     0.0      -15.0            54.0                0
2  2021-02-03 00:00:00-05:00    88.0  15.0    0        0.0    0   68    68     0     0.0      -15.0            20.0               68
3  2021-02-04 00:00:00-05:00    71.0  15.0    0        0.0    0  124     0   124    53.0       38.0             0.0              124
4  2021-02-05 00:00:00-05:00    39.0  15.0    0        4.0    0    0     0     0    18.0        3.0             0.0                0
5  2021-02-06 00:00:00-05:00    95.0  15.0    0        0.0    0  272     0   272   195.0      180.0             0.0              272
6  2021-02-07 00:00:00-05:00    33.0  15.0    0        0.0    0    0     0     0   162.0      147.0             0.0                0
7  2021-02-08 00:00:00-05:00    72.0  20.0    0        0.0    0    0     0     0    90.0       70.0             0.0                0
8  2021-02-09 00:00:00-05:00    68.0  20.0    0        0.0    0    0     0     0    22.0        2.0             0.0                0
9  2021-02-10 00:00:00-05:00    68.0  20.0    0        0.0    0   68    68     0    22.0        2.0             0.0               68
10 2021-02-11 00:00:00-05:00    46.0  20.0    0        0.0    0   44     0    44    20.0        0.0             0.0               44
11 2021-02-12 00:00:00-05:00    39.0  20.0    0        0.0    0    4     4     0     0.0      -20.0            15.0                4
12 2021-02-13 00:00:00-05:00    96.0  20.0    0        0.0    0  272     0   272   176.0      156.0             0.0              272
13 2021-02-14 00:00:00-05:00    62.0  20.0    0        0.0    0    0     0     0   114.0       94.0             0.0                0
14 2021-02-15 00:00:00-05:00    67.0  10.0    0        0.0    0    0     0     0    47.0       37.0             0.0                0
15 2021-02-16 00:00:00-05:00    37.0  10.0    0        0.0    0    0     0     0    10.0        0.0             0.0                0
16 2021-02-17 00:00:00-05:00    24.0  10.0    0        0.0    0   24    24     0    10.0        0.0             0.0               24
17 2021-02-18 00:00:00-05:00    71.0  10.0    0        0.0    0   72     0    72    11.0        1.0             0.0               72
18 2021-02-19 00:00:00-05:00    89.0  10.0    0        0.0    0   48    48     0     0.0      -10.0            30.0               48
19 2021-02-20 00:00:00-05:00    34.0  10.0    0        0.0    0  216     0   216   182.0      172.0             0.0              216
20 2021-02-21 00:00:00-05:00    85.0  10.0    0        0.0    0    0     0     0    97.0       87.0             0.0                0
                  startdate                   enddate  volume_exact  volume_upto  ordered_total  srs_and_mso  aop_and_ss_and_avo  net_ss  ignored_demand
0 2021-02-01 00:00:00+00:00 2021-02-08 00:00:00+00:00          -2.0         74.0            464          4.0               408.0    15.0            60.0
1 2021-02-08 00:00:00+00:00 2021-02-15 00:00:00+00:00          -2.0         74.0            388          0.0               456.0     5.0           -68.0
2 2021-02-15 00:00:00+00:00 2021-02-22 00:00:00+00:00          -2.0         74.0            360          0.0               397.0   -10.0           -37.0
3 2021-02-22 00:00:00+00:00 2021-03-01 00:00:00+00:00          -2.0         74.0            288          0.0                 0.0     0.0           288.0
