50401



5001@7001
                   startdate                   enddate vendor  rank  volume_exact  volume_upto  soq  srs  mso  buyguide percentage  actual_percentage  order_total
0  2021-02-01 00:00:00+00:00 2021-02-08 00:00:00+00:00   6001     1         100.0         -1.0  100    0    0                 -1.0          33.333333          300
4  2021-02-01 00:00:00+00:00 2021-02-08 00:00:00+00:00   6002     2         100.0         -1.0  100    0    0                 -1.0          33.333333          300
8  2021-02-01 00:00:00+00:00 2021-02-08 00:00:00+00:00   6003     3         100.0         -1.0  100    0    0                 -1.0          33.333333          300
1  2021-02-08 00:00:00+00:00 2021-02-15 00:00:00+00:00   6001     1         100.0         -1.0  100    0    0                 -1.0          21.505376          465
5  2021-02-08 00:00:00+00:00 2021-02-15 00:00:00+00:00   6002     2         100.0         -1.0  100    0    0                 -1.0          21.505376          465
9  2021-02-08 00:00:00+00:00 2021-02-15 00:00:00+00:00   6003     3         265.0         -1.0  265    0    0                 -1.0          56.989247          465
2  2021-02-15 00:00:00+00:00 2021-02-22 00:00:00+00:00   6001     1         100.0         -1.0  100    0    0                 -1.0          26.666667          375
6  2021-02-15 00:00:00+00:00 2021-02-22 00:00:00+00:00   6002     2         100.0         -1.0  100    0    0                 -1.0          26.666667          375
10 2021-02-15 00:00:00+00:00 2021-02-22 00:00:00+00:00   6003     3         175.0         -1.0  175    0    0                 -1.0          46.666667          375
3  2021-02-22 00:00:00+00:00 2021-03-01 00:00:00+00:00   6001     1         100.0         -1.0  100    0    0                 -1.0          20.408163          490
7  2021-02-22 00:00:00+00:00 2021-03-01 00:00:00+00:00   6002     2         100.0         -1.0  100    0    0                 -1.0          20.408163          490
11 2021-02-22 00:00:00+00:00 2021-03-01 00:00:00+00:00   6003     3         295.0         -1.0  290    0    0                 -1.0          59.183673          490
                        date  demand    ss  avo  schedrcpt  mso  soq  6001  6002  6003  projoh  projavail  ignored_demand  incoming_supply
0  2021-02-01 00:00:00-05:00    43.0  15.0    0        4.0    0    0     0     0     0     0.0      -15.0            39.0                0
1  2021-02-02 00:00:00-05:00    57.0  15.0    0        0.0    0    0     0     0     0     0.0      -15.0            57.0                0
2  2021-02-03 00:00:00-05:00    34.0  15.0    0        0.0    0   50    50     0     0    16.0        1.0             0.0               50
3  2021-02-04 00:00:00-05:00    98.0  15.0    0        0.0    0  100    50    50     0    18.0        3.0             0.0              100
4  2021-02-05 00:00:00-05:00    54.0  15.0    0        0.0    0   55     0    50     5    19.0        4.0             0.0               55
5  2021-02-06 00:00:00-05:00    61.0  15.0    0        0.0    0   60     0     0    60    18.0        3.0             0.0               60
6  2021-02-07 00:00:00-05:00    54.0  15.0    0        0.0    0   35     0     0    35     0.0      -15.0             1.0               35
7  2021-02-08 00:00:00-05:00    74.0  20.0    0        0.0    0  100   100     0     0    26.0        6.0             0.0              100
8  2021-02-09 00:00:00-05:00    34.0  20.0    0        0.0    0   30     0    30     0    22.0        2.0             0.0               30
9  2021-02-10 00:00:00-05:00    43.0  20.0    0        0.0    0   45     0    45     0    24.0        4.0             0.0               45
10 2021-02-11 00:00:00-05:00   101.0  20.0    0        0.0    0  100     0    25    75    23.0        3.0             0.0              100
11 2021-02-12 00:00:00-05:00    63.0  20.0    0        0.0    0   60     0     0    60    20.0        0.0             0.0               60
12 2021-02-13 00:00:00-05:00    55.0  20.0    0        0.0    0   55     0     0    55    20.0        0.0             0.0               55
13 2021-02-14 00:00:00-05:00    95.0  20.0    0        0.0    0   75     0     0    75     0.0      -20.0             0.0               75
14 2021-02-15 00:00:00-05:00    72.0  10.0    0        0.0    0   85    85     0     0    13.0        3.0             0.0               85
15 2021-02-16 00:00:00-05:00    69.0  10.0    0        0.0    0   70    15    55     0    14.0        4.0             0.0               70
16 2021-02-17 00:00:00-05:00    70.0  10.0    0        0.0    0   70     0    45    25    14.0        4.0             0.0               70
17 2021-02-18 00:00:00-05:00    25.0  10.0    0        0.0    0   25     0     0    25    14.0        4.0             0.0               25
18 2021-02-19 00:00:00-05:00    39.0  10.0    0        0.0    0   35     0     0    35    10.0        0.0             0.0               35
19 2021-02-20 00:00:00-05:00    90.0  10.0    0        0.0    0   90     0     0    90    10.0        0.0             0.0               90
20 2021-02-21 00:00:00-05:00    10.0  10.0    0        0.0    0    0     0     0     0     0.0      -10.0             0.0                0
                  startdate                   enddate  volume_exact  volume_upto  ordered_total  srs_and_mso  aop_and_ss_and_avo  net_ss  ignored_demand
0 2021-02-01 00:00:00+00:00 2021-02-08 00:00:00+00:00         300.0         -3.0            300            0               416.0    15.0          -116.0
1 2021-02-08 00:00:00+00:00 2021-02-15 00:00:00+00:00         465.0         -3.0            465            0               470.0     5.0            -5.0
2 2021-02-15 00:00:00+00:00 2021-02-22 00:00:00+00:00         375.0         -3.0            375            0               365.0   -10.0            10.0
3 2021-02-22 00:00:00+00:00 2021-03-01 00:00:00+00:00         495.0         -3.0            490            0                 0.0     0.0           490.0
5002@7001
                  startdate                   enddate vendor  rank  volume_exact  volume_upto  soq  srs  mso  buyguide percentage  actual_percentage  order_total
0 2021-02-01 00:00:00+00:00 2021-02-08 00:00:00+00:00   6001     1         200.0         -1.0  200    0    0                 -1.0          58.139535          344
4 2021-02-01 00:00:00+00:00 2021-02-08 00:00:00+00:00   6002     2         200.0         -1.0  144    0    0                 -1.0          41.860465          344
1 2021-02-08 00:00:00+00:00 2021-02-15 00:00:00+00:00   6001     1         200.0         -1.0  200    0    0                 -1.0          44.642857          448
5 2021-02-08 00:00:00+00:00 2021-02-15 00:00:00+00:00   6002     2         250.0         -1.0  248    0    0                 -1.0          55.357143          448
2 2021-02-15 00:00:00+00:00 2021-02-22 00:00:00+00:00   6001     1         200.0         -1.0  200    0    0                 -1.0          49.504950          404
6 2021-02-15 00:00:00+00:00 2021-02-22 00:00:00+00:00   6002     2         210.0         -1.0  204    0    0                 -1.0          50.495050          404
3 2021-02-22 00:00:00+00:00 2021-03-01 00:00:00+00:00   6001     1         200.0         -1.0  200    0    0                 -1.0          53.763441          372
7 2021-02-22 00:00:00+00:00 2021-03-01 00:00:00+00:00   6002     2         200.0         -1.0  172    0    0                 -1.0          46.236559          372
                        date  demand    ss  avo  schedrcpt  mso  soq  6001  6002  projoh  projavail  ignored_demand  incoming_supply
0  2021-02-01 00:00:00-05:00    13.0  15.0    0        4.0    0    0     0     0     0.0      -15.0             9.0                0
1  2021-02-02 00:00:00-05:00    54.0  15.0    0        0.0    0    0     0     0     0.0      -15.0            54.0                0
2  2021-02-03 00:00:00-05:00    88.0  15.0    0        0.0    0  104   104     0    16.0        1.0             0.0              104
3  2021-02-04 00:00:00-05:00    71.0  15.0    0        0.0    0   72    72     0    17.0        2.0             0.0               72
4  2021-02-05 00:00:00-05:00    39.0  15.0    0        0.0    0   40    24    16    18.0        3.0             0.0               40
5  2021-02-06 00:00:00-05:00    95.0  15.0    0        0.0    0  100     0   100    23.0        8.0             0.0              100
6  2021-02-07 00:00:00-05:00    33.0  15.0    0        0.0    0   28     0    28    18.0        3.0             0.0               28
7  2021-02-08 00:00:00-05:00    72.0  20.0    0        0.0    0   76    76     0    22.0        2.0             0.0               76
8  2021-02-09 00:00:00-05:00    68.0  20.0    0        0.0    0   68    68     0    22.0        2.0             0.0               68
9  2021-02-10 00:00:00-05:00    68.0  20.0    0        0.0    0   68    56    12    22.0        2.0             0.0               68
10 2021-02-11 00:00:00-05:00    46.0  20.0    0        0.0    0   44     0    44    20.0        0.0             0.0               44
11 2021-02-12 00:00:00-05:00    39.0  20.0    0        0.0    0   40     0    40    21.0        1.0             0.0               40
12 2021-02-13 00:00:00-05:00    96.0  20.0    0        0.0    0  100     0   100    25.0        5.0             0.0              100
13 2021-02-14 00:00:00-05:00    62.0  20.0    0        0.0    0   52     0    52    15.0       -5.0             0.0               52
14 2021-02-15 00:00:00-05:00    67.0  10.0    0        0.0    0   64    64     0    12.0        2.0             0.0               64
15 2021-02-16 00:00:00-05:00    37.0  10.0    0        0.0    0   36    36     0    11.0        1.0             0.0               36
16 2021-02-17 00:00:00-05:00    24.0  10.0    0        0.0    0   24    24     0    11.0        1.0             0.0               24
17 2021-02-18 00:00:00-05:00    71.0  10.0    0        0.0    0   72    72     0    12.0        2.0             0.0               72
18 2021-02-19 00:00:00-05:00    89.0  10.0    0        0.0    0   88     4    84    11.0        1.0             0.0               88
19 2021-02-20 00:00:00-05:00    34.0  10.0    0        0.0    0   36     0    36    13.0        3.0             0.0               36
20 2021-02-21 00:00:00-05:00    85.0  10.0    0        0.0    0   84     0    84    12.0        2.0             0.0               84
                  startdate                   enddate  volume_exact  volume_upto  ordered_total  srs_and_mso  aop_and_ss_and_avo  net_ss  ignored_demand
0 2021-02-01 00:00:00+00:00 2021-02-08 00:00:00+00:00         400.0         -2.0            344            0               408.0    15.0           -64.0
1 2021-02-08 00:00:00+00:00 2021-02-15 00:00:00+00:00         450.0         -2.0            448            0               456.0     5.0            -8.0
2 2021-02-15 00:00:00+00:00 2021-02-22 00:00:00+00:00         410.0         -2.0            404            0               397.0   -10.0             7.0
3 2021-02-22 00:00:00+00:00 2021-03-01 00:00:00+00:00         400.0         -2.0            372            0                 0.0     0.0           372.0
