5001@7001
                   startdate                   enddate vendor  rank  volume  soq  srs  mso  buyguide percentage  actual_percentage
0  2021-02-01 00:00:00+00:00 2021-02-08 00:00:00+00:00   6001    -1    -1.0  115    0    0                 30.0          30.666667
4  2021-02-01 00:00:00+00:00 2021-02-08 00:00:00+00:00   6002    -1    -1.0  115    0    0                 30.0          30.666667
8  2021-02-01 00:00:00+00:00 2021-02-08 00:00:00+00:00   6003    -1    -1.0  145    0    0                 40.0          38.666667
1  2021-02-08 00:00:00+00:00 2021-02-15 00:00:00+00:00   6001    -1    -1.0  120    0    0                 25.0          25.531915
5  2021-02-08 00:00:00+00:00 2021-02-15 00:00:00+00:00   6002    -1    -1.0  120    0    0                 25.0          25.531915
9  2021-02-08 00:00:00+00:00 2021-02-15 00:00:00+00:00   6003    -1    -1.0  230    0    0                 50.0          48.936170
2  2021-02-15 00:00:00+00:00 2021-02-22 00:00:00+00:00   6001    -1    -1.0  185    0    0                 50.0          39.361702
6  2021-02-15 00:00:00+00:00 2021-02-22 00:00:00+00:00   6002    -1    -1.0   95    0    0                 25.0          20.212766
10 2021-02-15 00:00:00+00:00 2021-02-22 00:00:00+00:00   6003    -1    -1.0  190    0    0                 25.0          40.425532
3  2021-02-22 00:00:00+00:00 2021-03-01 00:00:00+00:00   6001    -1    -1.0  245    0    0                 50.0          51.041667
7  2021-02-22 00:00:00+00:00 2021-03-01 00:00:00+00:00   6002    -1    -1.0  120    0    0                 25.0          25.000000
11 2021-02-22 00:00:00+00:00 2021-03-01 00:00:00+00:00   6003    -1    -1.0  115    0    0                 25.0          23.958333
                        date  demand    ss  schedrcpt  mso  soq  6001  6002  6003  projoh  projavail  ignored_demand
0  2021-02-01 00:00:00-05:00    43.0  15.0        4.0    0    0     0     0     0     0.0      -15.0            39.0
1  2021-02-02 00:00:00-05:00    57.0  15.0        0.0    0   75    40    35     0    18.0        3.0             0.0
2  2021-02-03 00:00:00-05:00    34.0  15.0        0.0    0   35    15    20     0    19.0        4.0             0.0
3  2021-02-04 00:00:00-05:00    98.0  15.0        0.0    0   95    10     0    85    16.0        1.0             0.0
4  2021-02-05 00:00:00-05:00    54.0  15.0        0.0    0   55    15    25    15    17.0        2.0             0.0
5  2021-02-06 00:00:00-05:00    61.0  15.0        0.0    0   60    20    20    20    16.0        1.0             0.0
6  2021-02-07 00:00:00-05:00    54.0  15.0        0.0    0   55    15    15    25    17.0        2.0             0.0
7  2021-02-08 00:00:00-05:00    74.0  20.0        0.0    0   80    20    20    40    23.0        3.0             0.0
8  2021-02-09 00:00:00-05:00    34.0  20.0        0.0    0   35    10    10    15    24.0        4.0             0.0
9  2021-02-10 00:00:00-05:00    43.0  20.0        0.0    0   40    10    10    20    21.0        1.0             0.0
10 2021-02-11 00:00:00-05:00   101.0  20.0        0.0    0  100    25    25    50    20.0        0.0             0.0
11 2021-02-12 00:00:00-05:00    63.0  20.0        0.0    0   65    15    15    35    22.0        2.0             0.0
12 2021-02-13 00:00:00-05:00    55.0  20.0        0.0    0   55    15    15    25    22.0        2.0             0.0
13 2021-02-14 00:00:00-05:00    95.0  20.0        0.0    0   95    25    25    45    22.0        2.0             0.0
14 2021-02-15 00:00:00-05:00    72.0  10.0        0.0    0   60    30    15    15    10.0        0.0             0.0
15 2021-02-16 00:00:00-05:00    69.0  10.0        0.0    0  125    35    20    70    66.0       56.0             0.0
16 2021-02-17 00:00:00-05:00    70.0  10.0        0.0    0  120    35    15    70   116.0      106.0             0.0
17 2021-02-18 00:00:00-05:00    25.0  10.0        0.0    0   25    15     5     5   116.0      106.0             0.0
18 2021-02-19 00:00:00-05:00    39.0  10.0        0.0    0   40    20    10    10   117.0      107.0             0.0
19 2021-02-20 00:00:00-05:00    90.0  10.0        0.0    0   90    45    25    20   117.0      107.0             0.0
20 2021-02-21 00:00:00-05:00    10.0  10.0        0.0    0   10     5     5     0   117.0      107.0             0.0
                  startdate                   enddate  volume  ordered_total  srs_and_mso  aop_and_ss  net_ss
0 2021-02-01 00:00:00+00:00 2021-02-08 00:00:00+00:00    -3.0            375            0       416.0    15.0
1 2021-02-08 00:00:00+00:00 2021-02-15 00:00:00+00:00    -3.0            470            0       470.0     5.0
2 2021-02-15 00:00:00+00:00 2021-02-22 00:00:00+00:00    -3.0            470            0       365.0   -10.0
3 2021-02-22 00:00:00+00:00 2021-03-01 00:00:00+00:00    -3.0            480            0         0.0     0.0
5002@7001
                  startdate                   enddate vendor  rank  volume  soq  srs  mso  buyguide percentage  actual_percentage
0 2021-02-01 00:00:00+00:00 2021-02-08 00:00:00+00:00   6001    -1    -1.0  260    0    0                 65.0          65.656566
4 2021-02-01 00:00:00+00:00 2021-02-08 00:00:00+00:00   6002    -1    -1.0  136    0    0                 35.0          34.343434
1 2021-02-08 00:00:00+00:00 2021-02-15 00:00:00+00:00   6001    -1    -1.0  296    0    0                 65.0          64.912281
5 2021-02-08 00:00:00+00:00 2021-02-15 00:00:00+00:00   6002    -1    -1.0  160    0    0                 35.0          35.087719
2 2021-02-15 00:00:00+00:00 2021-02-22 00:00:00+00:00   6001    -1    -1.0  260    0    0                 65.0          65.656566
6 2021-02-15 00:00:00+00:00 2021-02-22 00:00:00+00:00   6002    -1    -1.0  136    0    0                 35.0          34.343434
3 2021-02-22 00:00:00+00:00 2021-03-01 00:00:00+00:00   6001    -1    -1.0  248    0    0                 65.0          62.626263
7 2021-02-22 00:00:00+00:00 2021-03-01 00:00:00+00:00   6002    -1    -1.0  148    0    0                 35.0          37.373737
                        date  demand    ss  schedrcpt  mso  soq  6001  6002  projoh  projavail  ignored_demand
0  2021-02-01 00:00:00-05:00    13.0  15.0        4.0    0    0     0     0     0.0      -15.0             9.0
1  2021-02-02 00:00:00-05:00    54.0  15.0        0.0    0   72    48    24    18.0        3.0             0.0
2  2021-02-03 00:00:00-05:00    88.0  15.0        0.0    0   88    56    32    18.0        3.0             0.0
3  2021-02-04 00:00:00-05:00    71.0  15.0        0.0    0   68    48    20    15.0        0.0             0.0
4  2021-02-05 00:00:00-05:00    39.0  15.0        0.0    0   40    24    16    16.0        1.0             0.0
5  2021-02-06 00:00:00-05:00    95.0  15.0        0.0    0   96    60    36    17.0        2.0             0.0
6  2021-02-07 00:00:00-05:00    33.0  15.0        0.0    0   32    24     8    16.0        1.0             0.0
7  2021-02-08 00:00:00-05:00    72.0  20.0        0.0    0   76    52    24    20.0        0.0             0.0
8  2021-02-09 00:00:00-05:00    68.0  20.0        0.0    0   68    44    24    20.0        0.0             0.0
9  2021-02-10 00:00:00-05:00    68.0  20.0        0.0    0   68    44    24    20.0        0.0             0.0
10 2021-02-11 00:00:00-05:00    46.0  20.0        0.0    0   48    28    20    22.0        2.0             0.0
11 2021-02-12 00:00:00-05:00    39.0  20.0        0.0    0   40    28    12    23.0        3.0             0.0
12 2021-02-13 00:00:00-05:00    96.0  20.0        0.0    0   96    60    36    23.0        3.0             0.0
13 2021-02-14 00:00:00-05:00    62.0  20.0        0.0    0   60    40    20    21.0        1.0             0.0
14 2021-02-15 00:00:00-05:00    67.0  10.0        0.0    0   56    40    16    10.0        0.0             0.0
15 2021-02-16 00:00:00-05:00    37.0  10.0        0.0    0   40    24    16    13.0        3.0             0.0
16 2021-02-17 00:00:00-05:00    24.0  10.0        0.0    0   24    16     8    13.0        3.0             0.0
17 2021-02-18 00:00:00-05:00    71.0  10.0        0.0    0   68    44    24    10.0        0.0             0.0
18 2021-02-19 00:00:00-05:00    89.0  10.0        0.0    0   92    60    32    13.0        3.0             0.0
19 2021-02-20 00:00:00-05:00    34.0  10.0        0.0    0   32    20    12    11.0        1.0             0.0
20 2021-02-21 00:00:00-05:00    85.0  10.0        0.0    0   84    56    28    10.0        0.0             0.0
                  startdate                   enddate  volume  ordered_total  srs_and_mso  aop_and_ss  net_ss
0 2021-02-01 00:00:00+00:00 2021-02-08 00:00:00+00:00    -2.0            396            0       408.0    15.0
1 2021-02-08 00:00:00+00:00 2021-02-15 00:00:00+00:00    -2.0            456            0       456.0     5.0
2 2021-02-15 00:00:00+00:00 2021-02-22 00:00:00+00:00    -2.0            396            0       397.0   -10.0
3 2021-02-22 00:00:00+00:00 2021-03-01 00:00:00+00:00    -2.0            396            0         0.0     0.0
