50136
5001@7001
                  startdate                   enddate vendor  rank  volume_exact  volume_upto  soq  srs  mso  buyguide percentage  actual_percentage  order_total
0 2021-02-01 00:00:00+00:00 2021-02-08 00:00:00+00:00   6001    -1          -1.0         -1.0  400    0    0                 30.0          66.666667          600
3 2021-02-01 00:00:00+00:00 2021-02-08 00:00:00+00:00   6002    -1          -1.0         -1.0  200    0    0                 30.0          33.333333          600
1 2021-02-08 00:00:00+00:00 2021-02-15 00:00:00+00:00   6001    -1          -1.0         -1.0  536    0    0                 50.0          76.462197          701
4 2021-02-08 00:00:00+00:00 2021-02-15 00:00:00+00:00   6002    -1          -1.0         -1.0  165    0    0                 25.0          23.537803          701
2 2021-02-15 00:00:00+00:00 2021-02-22 00:00:00+00:00   6001    -1          -1.0         -1.0  200    0    0                 30.0         100.000000          200
5 2021-02-15 00:00:00+00:00 2021-02-22 00:00:00+00:00   6002    -1          -1.0         -1.0    0    0    0                 30.0           0.000000          200
                        date  demand   ss  avo  schedrcpt  mso  soq  6001  6002  projoh  projavail  ignored_demand  incoming_supply
0  2021-02-01 00:00:00-05:00   100.0  0.0    0          0    0    0     0     0     0.0        0.0           100.0                0
1  2021-02-02 00:00:00-05:00   100.0  0.0    0          0    0    0     0     0     0.0        0.0           100.0                0
2  2021-02-03 00:00:00-05:00   100.0  0.0    0          0    0  200   200     0   100.0      100.0             0.0              200
3  2021-02-04 00:00:00-05:00   100.0  0.0    0          0    0    0     0     0     0.0        0.0             0.0                0
4  2021-02-05 00:00:00-05:00   100.0  0.0    0          0    0  100     0   100     0.0        0.0             0.0              100
5  2021-02-06 00:00:00-05:00   100.0  0.0    0          0    0  100     0   100     0.0        0.0             0.0              100
6  2021-02-07 00:00:00-05:00   100.0  0.0    0          0    0  200   200     0   100.0      100.0             0.0              200
7  2021-02-08 00:00:00-05:00   100.0  0.0    0          0    0    0     0     0     0.0        0.0             0.0                0
8  2021-02-09 00:00:00-05:00   100.0  0.0    0          0    0  335   335     0   235.0      235.0             0.0              335
9  2021-02-10 00:00:00-05:00   100.0  0.0    0          0    0    0     0     0   135.0      135.0             0.0                0
10 2021-02-11 00:00:00-05:00   100.0  0.0    0          0    0    0     0     0    35.0       35.0             0.0                0
11 2021-02-12 00:00:00-05:00   100.0  0.0    0          0    0   65     0    65     0.0        0.0             0.0               65
12 2021-02-13 00:00:00-05:00   100.0  0.0    0          0    0  100     0   100     0.0        0.0             0.0              100
13 2021-02-14 00:00:00-05:00   100.0  0.0    0          0    0  201   201     0   101.0      101.0             0.0              201
14 2021-02-15 00:00:00-05:00   100.0  0.0    0          0    0    0     0     0     1.0        1.0             0.0                0
15 2021-02-16 00:00:00-05:00   100.0  0.0    0          0    0  200   200     0   101.0      101.0             0.0              200
16 2021-02-17 00:00:00-05:00   100.0  0.0    0          0    0    0     0     0     1.0        1.0             0.0                0
17 2021-02-18 00:00:00-05:00   100.0  0.0    0          0    0    0     0     0     0.0        0.0            99.0                0
18 2021-02-19 00:00:00-05:00   100.0  0.0    0          0    0    0     0     0     0.0        0.0           100.0                0
19 2021-02-20 00:00:00-05:00   100.0  0.0    0          0    0    0     0     0     0.0        0.0           100.0                0
20 2021-02-21 00:00:00-05:00   100.0  0.0    0          0    0    0     0     0     0.0        0.0           100.0                0
                  startdate                   enddate  volume_exact  volume_upto  ordered_total  srs_and_mso  aop_and_ss_and_avo  net_ss  ignored_demand
0 2021-02-01 00:00:00+00:00 2021-02-08 00:00:00+00:00          -2.0         -2.0            600            0               700.0     0.0          -100.0
1 2021-02-08 00:00:00+00:00 2021-02-15 00:00:00+00:00          -2.0         -2.0            701            0               700.0     0.0             1.0
2 2021-02-15 00:00:00+00:00 2021-02-22 00:00:00+00:00          -2.0         -2.0            200            0               700.0     0.0          -500.0
5002@7001
   startdate    enddate vendor  rank  volume_exact  volume_upto  soq  srs  mso  buyguide percentage  actual_percentage  order_total
0 2021-02-01 2021-02-02   6001    -1            -1           -1    0    0    0                100.0                  0            0
1 2021-02-02 2021-02-03   6001    -1            -1           -1    0    0    0                100.0                  0            0
                        date  demand   ss  avo  schedrcpt  mso  soq  6001  projoh  projavail  ignored_demand  incoming_supply
0  2021-02-01 00:00:00-05:00   100.0  0.0    0          0    0    0     0     0.0        0.0           100.0                0
1  2021-02-02 00:00:00-05:00   100.0  0.0    0          0    0    0     0     0.0        0.0           100.0                0
2  2021-02-03 00:00:00-05:00   100.0  0.0    0          0    0  400   400   300.0      300.0             0.0              400
3  2021-02-04 00:00:00-05:00   100.0  0.0    0          0    0    0     0   200.0      200.0             0.0                0
4  2021-02-05 00:00:00-05:00   100.0  0.0    0          0    0    0     0   100.0      100.0             0.0                0
5  2021-02-06 00:00:00-05:00   100.0  0.0    0          0    0    0     0     0.0        0.0             0.0                0
6  2021-02-07 00:00:00-05:00   100.0  0.0    0          0    0  400   400   300.0      300.0             0.0              400
7  2021-02-08 00:00:00-05:00   100.0  0.0    0          0    0    0     0   200.0      200.0             0.0                0
8  2021-02-09 00:00:00-05:00   100.0  0.0    0          0    0  300   300   400.0      400.0             0.0              300
9  2021-02-10 00:00:00-05:00   100.0  0.0    0          0    0    0     0   300.0      300.0             0.0                0
10 2021-02-11 00:00:00-05:00   100.0  0.0    0          0    0    0     0   200.0      200.0             0.0                0
11 2021-02-12 00:00:00-05:00   100.0  0.0    0          0    0    0     0   100.0      100.0             0.0                0
12 2021-02-13 00:00:00-05:00   100.0  0.0    0          0    0    0     0     0.0        0.0             0.0                0
13 2021-02-14 00:00:00-05:00   100.0  0.0    0          0    0  300   300   200.0      200.0             0.0              300
14 2021-02-15 00:00:00-05:00   100.0  0.0    0          0    0    0     0   100.0      100.0             0.0                0
15 2021-02-16 00:00:00-05:00   100.0  0.0    0          0    0  300   300   300.0      300.0             0.0              300
16 2021-02-17 00:00:00-05:00   100.0  0.0    0          0    0    0     0   200.0      200.0             0.0                0
17 2021-02-18 00:00:00-05:00   100.0  0.0    0          0    0    0     0   100.0      100.0             0.0                0
18 2021-02-19 00:00:00-05:00   100.0  0.0    0          0    0    0     0     0.0        0.0             0.0                0
19 2021-02-20 00:00:00-05:00   100.0  0.0    0          0    0    0     0     0.0        0.0           100.0                0
20 2021-02-21 00:00:00-05:00   100.0  0.0    0          0    0    0     0     0.0        0.0           100.0                0
   startdate    enddate  volume_exact  volume_upto  ordered_total  srs_and_mso  aop_and_ss_and_avo  net_ss  ignored_demand
0 2021-02-01 2021-02-02            -1           -1              0            0               100.0     0.0          -100.0
1 2021-02-02 2021-02-03            -1           -1              0            0               100.0     0.0          -100.0
5003@7001
   startdate    enddate vendor  rank  volume_exact  volume_upto  soq  srs  mso  buyguide percentage  actual_percentage  order_total
0 2021-02-01 2021-02-02   6002    -1            -1           -1    0    0    0                100.0                  0            0
1 2021-02-02 2021-02-03   6002    -1            -1           -1    0    0    0                100.0                  0            0
                        date  demand   ss  avo  schedrcpt  mso  soq  6002  projoh  projavail  ignored_demand  incoming_supply
0  2021-02-01 00:00:00-05:00   100.0  0.0    0          0    0    0     0     0.0        0.0           100.0                0
1  2021-02-02 00:00:00-05:00   100.0  0.0    0          0    0    0     0     0.0        0.0           100.0                0
2  2021-02-03 00:00:00-05:00   100.0  0.0    0          0    0  100   100     0.0        0.0             0.0              100
3  2021-02-04 00:00:00-05:00   100.0  0.0    0          0    0  100   100     0.0        0.0             0.0              100
4  2021-02-05 00:00:00-05:00   100.0  0.0    0          0    0  100   100     0.0        0.0             0.0              100
5  2021-02-06 00:00:00-05:00   100.0  0.0    0          0    0  100   100     0.0        0.0             0.0              100
6  2021-02-07 00:00:00-05:00   100.0  0.0    0          0    0  100   100     0.0        0.0             0.0              100
7  2021-02-08 00:00:00-05:00   100.0  0.0    0          0    0  100   100     0.0        0.0             0.0              100
8  2021-02-09 00:00:00-05:00   100.0  0.0    0          0    0  100   100     0.0        0.0             0.0              100
9  2021-02-10 00:00:00-05:00   100.0  0.0    0          0    0  100   100     0.0        0.0             0.0              100
10 2021-02-11 00:00:00-05:00   100.0  0.0    0          0    0  100   100     0.0        0.0             0.0              100
11 2021-02-12 00:00:00-05:00   100.0  0.0    0          0    0  100   100     0.0        0.0             0.0              100
12 2021-02-13 00:00:00-05:00   100.0  0.0    0          0    0  100   100     0.0        0.0             0.0              100
13 2021-02-14 00:00:00-05:00   100.0  0.0    0          0    0  100   100     0.0        0.0             0.0              100
14 2021-02-15 00:00:00-05:00   100.0  0.0    0          0    0  100   100     0.0        0.0             0.0              100
15 2021-02-16 00:00:00-05:00   100.0  0.0    0          0    0  100   100     0.0        0.0             0.0              100
16 2021-02-17 00:00:00-05:00   100.0  0.0    0          0    0    0     0     0.0        0.0           100.0                0
17 2021-02-18 00:00:00-05:00   100.0  0.0    0          0    0    0     0     0.0        0.0           100.0                0
18 2021-02-19 00:00:00-05:00   100.0  0.0    0          0    0    0     0     0.0        0.0           100.0                0
19 2021-02-20 00:00:00-05:00   100.0  0.0    0          0    0    0     0     0.0        0.0           100.0                0
20 2021-02-21 00:00:00-05:00   100.0  0.0    0          0    0    0     0     0.0        0.0           100.0                0
   startdate    enddate  volume_exact  volume_upto  ordered_total  srs_and_mso  aop_and_ss_and_avo  net_ss  ignored_demand
0 2021-02-01 2021-02-02            -1           -1              0            0               100.0     0.0          -100.0
1 2021-02-02 2021-02-03            -1           -1              0            0               100.0     0.0          -100.0
