50236



5001@7001
                   startdate                   enddate vendor  rank  volume_exact  volume_upto  soq  srs  mso  buyguide percentage  actual_percentage  order_total
0  2021-02-01 00:00:00+00:00 2021-02-08 00:00:00+00:00   6001    -1          -1.0         -1.0  105    0    0                 30.0          32.812500          320
4  2021-02-01 00:00:00+00:00 2021-02-08 00:00:00+00:00   6002    -1          -1.0         -1.0  105    0    0                 30.0          32.812500          320
8  2021-02-01 00:00:00+00:00 2021-02-08 00:00:00+00:00   6003    -1          -1.0         -1.0  110    0    0                 40.0          34.375000          320
1  2021-02-08 00:00:00+00:00 2021-02-15 00:00:00+00:00   6001    -1          -1.0         -1.0  130    0    0                 25.0          27.659574          470
5  2021-02-08 00:00:00+00:00 2021-02-15 00:00:00+00:00   6002    -1          -1.0         -1.0  130    0    0                 25.0          27.659574          470
9  2021-02-08 00:00:00+00:00 2021-02-15 00:00:00+00:00   6003    -1          -1.0         -1.0  210    0    0                 50.0          44.680851          470
2  2021-02-15 00:00:00+00:00 2021-02-22 00:00:00+00:00   6001    -1          -1.0         -1.0  190    0    0                 50.0          52.054795          365
6  2021-02-15 00:00:00+00:00 2021-02-22 00:00:00+00:00   6002    -1          -1.0         -1.0  105    0    0                 25.0          28.767123          365
10 2021-02-15 00:00:00+00:00 2021-02-22 00:00:00+00:00   6003    -1          -1.0         -1.0   70    0    0                 25.0          19.178082          365
3  2021-02-22 00:00:00+00:00 2021-03-01 00:00:00+00:00   6001    -1          -1.0         -1.0  250    0    0                 50.0          52.083333          480
7  2021-02-22 00:00:00+00:00 2021-03-01 00:00:00+00:00   6002    -1          -1.0         -1.0  130    0    0                 25.0          27.083333          480
11 2021-02-22 00:00:00+00:00 2021-03-01 00:00:00+00:00   6003    -1          -1.0         -1.0  100    0    0                 25.0          20.833333          480
                        date  demand    ss  avo  schedrcpt  mso  soq  6001  6002  6003  projoh  projavail  ignored_demand  incoming_supply
0  2021-02-01 00:00:00-05:00    43.0  15.0    0        4.0    0    0     0     0     0     0.0      -15.0            39.0                0
1  2021-02-02 00:00:00-05:00    57.0  15.0    0        0.0    0    0     0     0     0     0.0      -15.0            57.0                0
2  2021-02-03 00:00:00-05:00    34.0  15.0    0        0.0    0   50    15    15    20    16.0        1.0             0.0               50
3  2021-02-04 00:00:00-05:00    98.0  15.0    0        0.0    0  100    30    30    40    18.0        3.0             0.0              100
4  2021-02-05 00:00:00-05:00    54.0  15.0    0        0.0    0   55    20    20    15    19.0        4.0             0.0               55
5  2021-02-06 00:00:00-05:00    61.0  15.0    0        0.0    0   60    20    20    20    18.0        3.0             0.0               60
6  2021-02-07 00:00:00-05:00    54.0  15.0    0        0.0    0   55    20    20    15    19.0        4.0             0.0               55
7  2021-02-08 00:00:00-05:00    74.0  20.0    0        0.0    0   75    20    20    35    20.0        0.0             0.0               75
8  2021-02-09 00:00:00-05:00    34.0  20.0    0        0.0    0   35    10    10    15    21.0        1.0             0.0               35
9  2021-02-10 00:00:00-05:00    43.0  20.0    0        0.0    0   45    15    15    15    23.0        3.0             0.0               45
10 2021-02-11 00:00:00-05:00   101.0  20.0    0        0.0    0  100    25    25    50    22.0        2.0             0.0              100
11 2021-02-12 00:00:00-05:00    63.0  20.0    0        0.0    0   65    20    20    25    24.0        4.0             0.0               65
12 2021-02-13 00:00:00-05:00    55.0  20.0    0        0.0    0   55    15    15    25    24.0        4.0             0.0               55
13 2021-02-14 00:00:00-05:00    95.0  20.0    0        0.0    0   95    25    25    45    24.0        4.0             0.0               95
14 2021-02-15 00:00:00-05:00    72.0  10.0    0        0.0    0   60    30    15    15    12.0        2.0             0.0               60
15 2021-02-16 00:00:00-05:00    69.0  10.0    0        0.0    0   70    35    20    15    13.0        3.0             0.0               70
16 2021-02-17 00:00:00-05:00    70.0  10.0    0        0.0    0   70    35    20    15    13.0        3.0             0.0               70
17 2021-02-18 00:00:00-05:00    25.0  10.0    0        0.0    0   25    15    10     0    13.0        3.0             0.0               25
18 2021-02-19 00:00:00-05:00    39.0  10.0    0        0.0    0   40    20    10    10    14.0        4.0             0.0               40
19 2021-02-20 00:00:00-05:00    90.0  10.0    0        0.0    0   85    45    25    15     9.0       -1.0             0.0               85
20 2021-02-21 00:00:00-05:00    10.0  10.0    0        0.0    0   15    10     5     0    14.0        4.0             0.0               15
                  startdate                   enddate  volume_exact  volume_upto  ordered_total  srs_and_mso  aop_and_ss_and_avo  net_ss  ignored_demand
0 2021-02-01 00:00:00+00:00 2021-02-08 00:00:00+00:00          -3.0         -3.0            320            0               416.0    15.0           -96.0
1 2021-02-08 00:00:00+00:00 2021-02-15 00:00:00+00:00          -3.0         -3.0            470            0               470.0     5.0             0.0
2 2021-02-15 00:00:00+00:00 2021-02-22 00:00:00+00:00          -3.0         -3.0            365            0               365.0   -10.0             0.0
3 2021-02-22 00:00:00+00:00 2021-03-01 00:00:00+00:00          -3.0         -3.0            480            0                 0.0     0.0           480.0
5002@7001
                  startdate                   enddate vendor  rank  volume_exact  volume_upto  soq  srs  mso  buyguide percentage  actual_percentage  order_total
0 2021-02-01 00:00:00+00:00 2021-02-08 00:00:00+00:00   6001    -1          -1.0         -1.0  220    0    0                 65.0          63.953488          344
4 2021-02-01 00:00:00+00:00 2021-02-08 00:00:00+00:00   6002    -1          -1.0         -1.0  124    0    0                 35.0          36.046512          344
1 2021-02-08 00:00:00+00:00 2021-02-15 00:00:00+00:00   6001    -1          -1.0         -1.0  292    0    0                 65.0          64.035088          456
5 2021-02-08 00:00:00+00:00 2021-02-15 00:00:00+00:00   6002    -1          -1.0         -1.0  164    0    0                 35.0          35.964912          456
2 2021-02-15 00:00:00+00:00 2021-02-22 00:00:00+00:00   6001    -1          -1.0         -1.0  256    0    0                 65.0          64.000000          400
6 2021-02-15 00:00:00+00:00 2021-02-22 00:00:00+00:00   6002    -1          -1.0         -1.0  144    0    0                 35.0          36.000000          400
3 2021-02-22 00:00:00+00:00 2021-03-01 00:00:00+00:00   6001    -1          -1.0         -1.0  236    0    0                 65.0          60.824742          388
7 2021-02-22 00:00:00+00:00 2021-03-01 00:00:00+00:00   6002    -1          -1.0         -1.0  152    0    0                 35.0          39.175258          388
                        date  demand    ss  avo  schedrcpt  mso  soq  6001  6002  projoh  projavail  ignored_demand  incoming_supply
0  2021-02-01 00:00:00-05:00    13.0  15.0    0        4.0    0    0     0     0     0.0      -15.0             9.0                0
1  2021-02-02 00:00:00-05:00    54.0  15.0    0        0.0    0    0     0     0     0.0      -15.0            54.0                0
2  2021-02-03 00:00:00-05:00    88.0  15.0    0        0.0    0  108    68    40    20.0        5.0             0.0              108
3  2021-02-04 00:00:00-05:00    71.0  15.0    0        0.0    0   68    44    24    17.0        2.0             0.0               68
4  2021-02-05 00:00:00-05:00    39.0  15.0    0        0.0    0   44    28    16    22.0        7.0             0.0               44
5  2021-02-06 00:00:00-05:00    95.0  15.0    0        0.0    0   92    60    32    19.0        4.0             0.0               92
6  2021-02-07 00:00:00-05:00    33.0  15.0    0        0.0    0   32    20    12    18.0        3.0             0.0               32
7  2021-02-08 00:00:00-05:00    72.0  20.0    0        0.0    0   80    52    28    26.0        6.0             0.0               80
8  2021-02-09 00:00:00-05:00    68.0  20.0    0        0.0    0   68    44    24    26.0        6.0             0.0               68
9  2021-02-10 00:00:00-05:00    68.0  20.0    0        0.0    0   68    44    24    26.0        6.0             0.0               68
10 2021-02-11 00:00:00-05:00    46.0  20.0    0        0.0    0   44    28    16    24.0        4.0             0.0               44
11 2021-02-12 00:00:00-05:00    39.0  20.0    0        0.0    0   40    24    16    25.0        5.0             0.0               40
12 2021-02-13 00:00:00-05:00    96.0  20.0    0        0.0    0   92    60    32    21.0        1.0             0.0               92
13 2021-02-14 00:00:00-05:00    62.0  20.0    0        0.0    0   64    40    24    23.0        3.0             0.0               64
14 2021-02-15 00:00:00-05:00    67.0  10.0    0        0.0    0   56    36    20    12.0        2.0             0.0               56
15 2021-02-16 00:00:00-05:00    37.0  10.0    0        0.0    0   40    24    16    15.0        5.0             0.0               40
16 2021-02-17 00:00:00-05:00    24.0  10.0    0        0.0    0   24    16     8    15.0        5.0             0.0               24
17 2021-02-18 00:00:00-05:00    71.0  10.0    0        0.0    0   68    44    24    12.0        2.0             0.0               68
18 2021-02-19 00:00:00-05:00    89.0  10.0    0        0.0    0   92    60    32    15.0        5.0             0.0               92
19 2021-02-20 00:00:00-05:00    34.0  10.0    0        0.0    0   32    20    12    13.0        3.0             0.0               32
20 2021-02-21 00:00:00-05:00    85.0  10.0    0        0.0    0   88    56    32    16.0        6.0             0.0               88
                  startdate                   enddate  volume_exact  volume_upto  ordered_total  srs_and_mso  aop_and_ss_and_avo  net_ss  ignored_demand
0 2021-02-01 00:00:00+00:00 2021-02-08 00:00:00+00:00          -2.0         -2.0            344            0               408.0    15.0           -64.0
1 2021-02-08 00:00:00+00:00 2021-02-15 00:00:00+00:00          -2.0         -2.0            456            0               456.0     5.0             0.0
2 2021-02-15 00:00:00+00:00 2021-02-22 00:00:00+00:00          -2.0         -2.0            400            0               397.0   -10.0             3.0
3 2021-02-22 00:00:00+00:00 2021-03-01 00:00:00+00:00          -2.0         -2.0            388            0                 0.0     0.0           388.0
