50220
5001@7001
                   startdate                   enddate vendor  rank  volume_exact  volume_upto  soq  srs  mso  buyguide percentage  actual_percentage  order_total
0  2021-02-01 00:00:00+00:00 2021-02-08 00:00:00+00:00   6001    -1          -1.0         -1.0   95    0    0                 30.0          29.687500          320
4  2021-02-01 00:00:00+00:00 2021-02-08 00:00:00+00:00   6002    -1          -1.0         -1.0   95    0    0                 30.0          29.687500          320
8  2021-02-01 00:00:00+00:00 2021-02-08 00:00:00+00:00   6003    -1          -1.0         -1.0  130    0    0                 40.0          40.625000          320
1  2021-02-08 00:00:00+00:00 2021-02-15 00:00:00+00:00   6001    -1          -1.0         -1.0  120    0    0                 25.0          25.531915          470
5  2021-02-08 00:00:00+00:00 2021-02-15 00:00:00+00:00   6002    -1          -1.0         -1.0  115    0    0                 25.0          24.468085          470
9  2021-02-08 00:00:00+00:00 2021-02-15 00:00:00+00:00   6003    -1          -1.0         -1.0  235    0    0                 50.0          50.000000          470
2  2021-02-15 00:00:00+00:00 2021-02-22 00:00:00+00:00   6001    -1          -1.0         -1.0  185    0    0                 50.0          50.684932          365
6  2021-02-15 00:00:00+00:00 2021-02-22 00:00:00+00:00   6002    -1          -1.0         -1.0   90    0    0                 25.0          24.657534          365
10 2021-02-15 00:00:00+00:00 2021-02-22 00:00:00+00:00   6003    -1          -1.0         -1.0   90    0    0                 25.0          24.657534          365
3  2021-02-22 00:00:00+00:00 2021-03-01 00:00:00+00:00   6001    -1          -1.0         -1.0  240    0    0                 50.0          50.000000          480
7  2021-02-22 00:00:00+00:00 2021-03-01 00:00:00+00:00   6002    -1          -1.0         -1.0  120    0    0                 25.0          25.000000          480
11 2021-02-22 00:00:00+00:00 2021-03-01 00:00:00+00:00   6003    -1          -1.0         -1.0  120    0    0                 25.0          25.000000          480
                        date  demand    ss  avo  schedrcpt  mso  soq  6001  6002  6003  projoh  projavail  ignored_demand  incoming_supply
0  2021-02-01 00:00:00-05:00    43.0  15.0    0        4.0    0    0     0     0     0     0.0      -15.0            39.0                0
1  2021-02-02 00:00:00-05:00    57.0  15.0    0        0.0    0    0     0     0     0     0.0      -15.0            57.0                0
2  2021-02-03 00:00:00-05:00    34.0  15.0    0        0.0    0   50    15    15    20    16.0        1.0             0.0               50
3  2021-02-04 00:00:00-05:00    98.0  15.0    0        0.0    0  100    30    30    40    18.0        3.0             0.0              100
4  2021-02-05 00:00:00-05:00    54.0  15.0    0        0.0    0   55    20    15    20    19.0        4.0             0.0               55
5  2021-02-06 00:00:00-05:00    61.0  15.0    0        0.0    0   60    15    20    25    18.0        3.0             0.0               60
6  2021-02-07 00:00:00-05:00    54.0  15.0    0        0.0    0   55    15    15    25    19.0        4.0             0.0               55
7  2021-02-08 00:00:00-05:00    74.0  20.0    0        0.0    0   75    20    20    35    20.0        0.0             0.0               75
8  2021-02-09 00:00:00-05:00    34.0  20.0    0        0.0    0   35    10    10    15    21.0        1.0             0.0               35
9  2021-02-10 00:00:00-05:00    43.0  20.0    0        0.0    0   45    10    10    25    23.0        3.0             0.0               45
10 2021-02-11 00:00:00-05:00   101.0  20.0    0        0.0    0  100    25    25    50    22.0        2.0             0.0              100
11 2021-02-12 00:00:00-05:00    63.0  20.0    0        0.0    0   65    15    15    35    24.0        4.0             0.0               65
12 2021-02-13 00:00:00-05:00    55.0  20.0    0        0.0    0   55    15    15    25    24.0        4.0             0.0               55
13 2021-02-14 00:00:00-05:00    95.0  20.0    0        0.0    0   95    25    20    50    24.0        4.0             0.0               95
14 2021-02-15 00:00:00-05:00    72.0  10.0    0        0.0    0   60    30    15    15    12.0        2.0             0.0               60
15 2021-02-16 00:00:00-05:00    69.0  10.0    0        0.0    0   70    35    20    15    13.0        3.0             0.0               70
16 2021-02-17 00:00:00-05:00    70.0  10.0    0        0.0    0   70    35    15    20    13.0        3.0             0.0               70
17 2021-02-18 00:00:00-05:00    25.0  10.0    0        0.0    0   25    15     5     5    13.0        3.0             0.0               25
18 2021-02-19 00:00:00-05:00    39.0  10.0    0        0.0    0   40    20    10    10    14.0        4.0             0.0               40
19 2021-02-20 00:00:00-05:00    90.0  10.0    0        0.0    0   90    45    25    20    14.0        4.0             0.0               90
20 2021-02-21 00:00:00-05:00    10.0  10.0    0        0.0    0   10     5     0     5    14.0        4.0             0.0               10
                  startdate                   enddate  volume_exact  volume_upto  ordered_total  srs_and_mso  aop_and_ss_and_avo  net_ss  ignored_demand
0 2021-02-01 00:00:00+00:00 2021-02-08 00:00:00+00:00          -3.0         -3.0            320            0               416.0    15.0           -96.0
1 2021-02-08 00:00:00+00:00 2021-02-15 00:00:00+00:00          -3.0         -3.0            470            0               470.0     5.0             0.0
2 2021-02-15 00:00:00+00:00 2021-02-22 00:00:00+00:00          -3.0         -3.0            365            0               365.0   -10.0             0.0
3 2021-02-22 00:00:00+00:00 2021-03-01 00:00:00+00:00          -3.0         -3.0            480            0                 0.0     0.0           480.0
5002@7001
                  startdate                   enddate vendor  rank  volume_exact  volume_upto  soq  srs  mso  buyguide percentage  actual_percentage  order_total
0 2021-02-01 00:00:00+00:00 2021-02-08 00:00:00+00:00   6001    -1          -1.0         -1.0  224    0    0                 65.0          65.116279          344
4 2021-02-01 00:00:00+00:00 2021-02-08 00:00:00+00:00   6002    -1          -1.0         -1.0  120    0    0                 35.0          34.883721          344
1 2021-02-08 00:00:00+00:00 2021-02-15 00:00:00+00:00   6001    -1          -1.0         -1.0  296    0    0                 65.0          64.912281          456
5 2021-02-08 00:00:00+00:00 2021-02-15 00:00:00+00:00   6002    -1          -1.0         -1.0  160    0    0                 35.0          35.087719          456
2 2021-02-15 00:00:00+00:00 2021-02-22 00:00:00+00:00   6001    -1          -1.0         -1.0  260    0    0                 65.0          65.656566          396
6 2021-02-15 00:00:00+00:00 2021-02-22 00:00:00+00:00   6002    -1          -1.0         -1.0  136    0    0                 35.0          34.343434          396
3 2021-02-22 00:00:00+00:00 2021-03-01 00:00:00+00:00   6001    -1          -1.0         -1.0  244    0    0                 65.0          62.244898          392
7 2021-02-22 00:00:00+00:00 2021-03-01 00:00:00+00:00   6002    -1          -1.0         -1.0  148    0    0                 35.0          37.755102          392
                        date  demand    ss  avo  schedrcpt  mso  soq  6001  6002  projoh  projavail  ignored_demand  incoming_supply
0  2021-02-01 00:00:00-05:00    13.0  15.0    0        4.0    0    0     0     0     0.0      -15.0             9.0                0
1  2021-02-02 00:00:00-05:00    54.0  15.0    0        0.0    0    0     0     0     0.0      -15.0            54.0                0
2  2021-02-03 00:00:00-05:00    88.0  15.0    0        0.0    0  104    68    36    16.0        1.0             0.0              104
3  2021-02-04 00:00:00-05:00    71.0  15.0    0        0.0    0   72    48    24    17.0        2.0             0.0               72
4  2021-02-05 00:00:00-05:00    39.0  15.0    0        0.0    0   40    24    16    18.0        3.0             0.0               40
5  2021-02-06 00:00:00-05:00    95.0  15.0    0        0.0    0   92    64    28    15.0        0.0             0.0               92
6  2021-02-07 00:00:00-05:00    33.0  15.0    0        0.0    0   36    20    16    18.0        3.0             0.0               36
7  2021-02-08 00:00:00-05:00    72.0  20.0    0        0.0    0   76    52    24    22.0        2.0             0.0               76
8  2021-02-09 00:00:00-05:00    68.0  20.0    0        0.0    0   68    44    24    22.0        2.0             0.0               68
9  2021-02-10 00:00:00-05:00    68.0  20.0    0        0.0    0   68    44    24    22.0        2.0             0.0               68
10 2021-02-11 00:00:00-05:00    46.0  20.0    0        0.0    0   44    28    16    20.0        0.0             0.0               44
11 2021-02-12 00:00:00-05:00    39.0  20.0    0        0.0    0   40    24    16    21.0        1.0             0.0               40
12 2021-02-13 00:00:00-05:00    96.0  20.0    0        0.0    0   96    64    32    21.0        1.0             0.0               96
13 2021-02-14 00:00:00-05:00    62.0  20.0    0        0.0    0   64    40    24    23.0        3.0             0.0               64
14 2021-02-15 00:00:00-05:00    67.0  10.0    0        0.0    0   56    36    20    12.0        2.0             0.0               56
15 2021-02-16 00:00:00-05:00    37.0  10.0    0        0.0    0   36    24    12    11.0        1.0             0.0               36
16 2021-02-17 00:00:00-05:00    24.0  10.0    0        0.0    0   24    16     8    11.0        1.0             0.0               24
17 2021-02-18 00:00:00-05:00    71.0  10.0    0        0.0    0   72    48    24    12.0        2.0             0.0               72
18 2021-02-19 00:00:00-05:00    89.0  10.0    0        0.0    0   88    56    32    11.0        1.0             0.0               88
19 2021-02-20 00:00:00-05:00    34.0  10.0    0        0.0    0   36    24    12    13.0        3.0             0.0               36
20 2021-02-21 00:00:00-05:00    85.0  10.0    0        0.0    0   84    56    28    12.0        2.0             0.0               84
                  startdate                   enddate  volume_exact  volume_upto  ordered_total  srs_and_mso  aop_and_ss_and_avo  net_ss  ignored_demand
0 2021-02-01 00:00:00+00:00 2021-02-08 00:00:00+00:00          -2.0         -2.0            344            0               408.0    15.0           -64.0
1 2021-02-08 00:00:00+00:00 2021-02-15 00:00:00+00:00          -2.0         -2.0            456            0               456.0     5.0             0.0
2 2021-02-15 00:00:00+00:00 2021-02-22 00:00:00+00:00          -2.0         -2.0            396            0               397.0   -10.0            -1.0
3 2021-02-22 00:00:00+00:00 2021-03-01 00:00:00+00:00          -2.0         -2.0            392            0                 0.0     0.0           392.0
5003@7001
   startdate    enddate vendor  rank  volume_exact  volume_upto  soq  srs  mso  buyguide percentage  actual_percentage  order_total
0 2021-02-01 2021-02-02   6002    -1            -1           -1    0    0    0                100.0                  0            0
1 2021-02-02 2021-02-03   6002    -1            -1           -1    0    0    0                100.0                  0            0
                        date  demand    ss  avo  schedrcpt  mso  soq  6002  projoh  projavail  ignored_demand  incoming_supply
0  2021-02-01 00:00:00-05:00   101.0  15.0    0        4.0    0    0     0     0.0      -15.0            97.0                0
1  2021-02-02 00:00:00-05:00    92.0  15.0    0        0.0    0    0     0     0.0      -15.0            92.0                0
2  2021-02-03 00:00:00-05:00    61.0  15.0    0        0.0    0   78    78    17.0        2.0             0.0               78
3  2021-02-04 00:00:00-05:00    75.0  15.0    0        0.0    0   75    75    17.0        2.0             0.0               75
4  2021-02-05 00:00:00-05:00    21.0  15.0    0        0.0    0   21    21    17.0        2.0             0.0               21
5  2021-02-06 00:00:00-05:00    68.0  15.0    0        0.0    0   66    66    15.0        0.0             0.0               66
6  2021-02-07 00:00:00-05:00    69.0  15.0    0        0.0    0   69    69    15.0        0.0             0.0               69
7  2021-02-08 00:00:00-05:00    48.0  20.0    0        0.0    0   54    54    21.0        1.0             0.0               54
8  2021-02-09 00:00:00-05:00    98.0  20.0    0        0.0    0   99    99    22.0        2.0             0.0               99
9  2021-02-10 00:00:00-05:00    94.0  20.0    0        0.0    0   93    93    21.0        1.0             0.0               93
10 2021-02-11 00:00:00-05:00    13.0  20.0    0        0.0    0   12    12    20.0        0.0             0.0               12
11 2021-02-12 00:00:00-05:00    37.0  20.0    0        0.0    0   39    39    22.0        2.0             0.0               39
12 2021-02-13 00:00:00-05:00    12.0  20.0    0        0.0    0   12    12    22.0        2.0             0.0               12
13 2021-02-14 00:00:00-05:00    67.0  20.0    0        0.0    0   66    66    21.0        1.0             0.0               66
14 2021-02-15 00:00:00-05:00   102.0  10.0    0        0.0    0   93    93    12.0        2.0             0.0               93
15 2021-02-16 00:00:00-05:00    42.0  10.0    0        0.0    0   42    42    12.0        2.0             0.0               42
16 2021-02-17 00:00:00-05:00    62.0  10.0    0        0.0    0   60    60    10.0        0.0             0.0               60
17 2021-02-18 00:00:00-05:00   104.0  10.0    0        0.0    0  105   105    11.0        1.0             0.0              105
18 2021-02-19 00:00:00-05:00    57.0  10.0    0        0.0    0   57    57    11.0        1.0             0.0               57
19 2021-02-20 00:00:00-05:00    30.0  10.0    0        0.0    0   30    30    11.0        1.0             0.0               30
20 2021-02-21 00:00:00-05:00    13.0  10.0    0        0.0    0   12    12    10.0        0.0             0.0               12
   startdate    enddate  volume_exact  volume_upto  ordered_total  srs_and_mso  aop_and_ss_and_avo  net_ss  ignored_demand
0 2021-02-01 2021-02-02            -1           -1              0            0               116.0    15.0          -116.0
1 2021-02-02 2021-02-03            -1           -1              0            0                92.0     0.0           -92.0
5004@7001
   startdate    enddate vendor  rank  volume_exact  volume_upto  soq  srs  mso  buyguide percentage  actual_percentage  order_total
0 2021-02-01 2021-02-02   6003    -1            -1           -1    0    0    0                100.0                  0            0
1 2021-02-02 2021-02-03   6003    -1            -1           -1    0    0    0                100.0                  0            0
                        date  demand    ss  avo  schedrcpt  mso  soq  6003  projoh  projavail  ignored_demand  incoming_supply
0  2021-02-01 00:00:00-05:00    38.0  15.0    0        4.0    0    0     0     0.0      -15.0            34.0                0
1  2021-02-02 00:00:00-05:00    77.0  15.0    0        0.0    0    0     0     0.0      -15.0            77.0                0
2  2021-02-03 00:00:00-05:00    20.0  15.0    0        0.0    0   36    36    16.0        1.0             0.0               36
3  2021-02-04 00:00:00-05:00    16.0  15.0    0        0.0    0   16    16    16.0        1.0             0.0               16
4  2021-02-05 00:00:00-05:00    49.0  15.0    0        0.0    0   48    48    15.0        0.0             0.0               48
5  2021-02-06 00:00:00-05:00    66.0  15.0    0        0.0    0   68    68    17.0        2.0             0.0               68
6  2021-02-07 00:00:00-05:00    65.0  15.0    0        0.0    0   64    64    16.0        1.0             0.0               64
7  2021-02-08 00:00:00-05:00    97.0  20.0    0        0.0    0  104   104    23.0        3.0             0.0              104
8  2021-02-09 00:00:00-05:00    14.0  20.0    0        0.0    0   12    12    21.0        1.0             0.0               12
9  2021-02-10 00:00:00-05:00    55.0  20.0    0        0.0    0   56    56    22.0        2.0             0.0               56
10 2021-02-11 00:00:00-05:00   104.0  20.0    0        0.0    0  104   104    22.0        2.0             0.0              104
11 2021-02-12 00:00:00-05:00    12.0  20.0    0        0.0    0   12    12    22.0        2.0             0.0               12
12 2021-02-13 00:00:00-05:00    64.0  20.0    0        0.0    0   64    64    22.0        2.0             0.0               64
13 2021-02-14 00:00:00-05:00    26.0  20.0    0        0.0    0   24    24    20.0        0.0             0.0               24
14 2021-02-15 00:00:00-05:00    78.0  10.0    0        0.0    0   68    68    10.0        0.0             0.0               68
15 2021-02-16 00:00:00-05:00    12.0  10.0    0        0.0    0   12    12    10.0        0.0             0.0               12
16 2021-02-17 00:00:00-05:00   106.0  10.0    0        0.0    0  108   108    12.0        2.0             0.0              108
17 2021-02-18 00:00:00-05:00    54.0  10.0    0        0.0    0   52    52    10.0        0.0             0.0               52
18 2021-02-19 00:00:00-05:00    92.0  10.0    0        0.0    0  100   100    18.0        8.0             0.0              100
19 2021-02-20 00:00:00-05:00    47.0  10.0    0        0.0    0   40    40    11.0        1.0             0.0               40
20 2021-02-21 00:00:00-05:00    68.0  10.0    0        0.0    0   68    68    11.0        1.0             0.0               68
   startdate    enddate  volume_exact  volume_upto  ordered_total  srs_and_mso  aop_and_ss_and_avo  net_ss  ignored_demand
0 2021-02-01 2021-02-02            -1           -1              0            0                53.0    15.0           -53.0
1 2021-02-02 2021-02-03            -1           -1              0            0                77.0     0.0           -77.0
