5001@7001
                   startdate                   enddate vendor  rank  volume  soq  buyguide percentage  actual_percentage
0  2021-02-01 00:00:00+00:00 2021-02-08 00:00:00+00:00   6001    -1    -1.0   90                 30.0          29.508197
4  2021-02-01 00:00:00+00:00 2021-02-08 00:00:00+00:00   6002    -1    -1.0   90                 30.0          29.508197
8  2021-02-01 00:00:00+00:00 2021-02-08 00:00:00+00:00   6003    -1    -1.0  125                 40.0          40.983607
1  2021-02-08 00:00:00+00:00 2021-02-15 00:00:00+00:00   6001    -1    -1.0  115                 25.0          24.731183
5  2021-02-08 00:00:00+00:00 2021-02-15 00:00:00+00:00   6002    -1    -1.0  115                 25.0          24.731183
9  2021-02-08 00:00:00+00:00 2021-02-15 00:00:00+00:00   6003    -1    -1.0  235                 50.0          50.537634
2  2021-02-15 00:00:00+00:00 2021-02-22 00:00:00+00:00   6001    -1    -1.0  185                 50.0          49.333333
6  2021-02-15 00:00:00+00:00 2021-02-22 00:00:00+00:00   6002    -1    -1.0   90                 25.0          24.000000
10 2021-02-15 00:00:00+00:00 2021-02-22 00:00:00+00:00   6003    -1    -1.0  100                 25.0          26.666667
3  2021-02-22 00:00:00+00:00 2021-03-01 00:00:00+00:00   6001    -1    -1.0  245                 50.0          50.000000
7  2021-02-22 00:00:00+00:00 2021-03-01 00:00:00+00:00   6002    -1    -1.0  125                 25.0          25.510204
11 2021-02-22 00:00:00+00:00 2021-03-01 00:00:00+00:00   6003    -1    -1.0  120                 25.0          24.489796
                        date  demand    ss  schedrcpt  soq  6001  6002  6003  projoh  projavail  ignored_demand
0  2021-02-01 00:00:00-05:00    43.0  15.0          0    0     0     0     0     0.0      -15.0            43.0
1  2021-02-02 00:00:00-05:00    57.0  15.0          0    0     0     0     0     0.0      -15.0            57.0
2  2021-02-03 00:00:00-05:00    34.0  15.0          0   35    10    10    15     1.0      -14.0             0.0
3  2021-02-04 00:00:00-05:00    98.0  15.0          0  100    30    30    40     3.0      -12.0             0.0
4  2021-02-05 00:00:00-05:00    54.0  15.0          0   55    15    15    25     4.0      -11.0             0.0
5  2021-02-06 00:00:00-05:00    61.0  15.0          0   60    20    20    20     3.0      -12.0             0.0
6  2021-02-07 00:00:00-05:00    54.0  15.0          0   55    15    15    25     4.0      -11.0             0.0
7  2021-02-08 00:00:00-05:00    74.0  20.0          0   70    15    15    40     0.0      -20.0             0.0
8  2021-02-09 00:00:00-05:00    34.0  20.0          0   35    10    10    15     1.0      -19.0             0.0
9  2021-02-10 00:00:00-05:00    43.0  20.0          0   45    10    10    25     3.0      -17.0             0.0
10 2021-02-11 00:00:00-05:00   101.0  20.0          0  100    25    30    45     2.0      -18.0             0.0
11 2021-02-12 00:00:00-05:00    63.0  20.0          0   65    20    15    30     4.0      -16.0             0.0
12 2021-02-13 00:00:00-05:00    55.0  20.0          0   55    10    10    35     4.0      -16.0             0.0
13 2021-02-14 00:00:00-05:00    95.0  20.0          0   95    25    25    45     4.0      -16.0             0.0
14 2021-02-15 00:00:00-05:00    72.0  10.0          0   70    35    15    20     2.0       -8.0             0.0
15 2021-02-16 00:00:00-05:00    69.0  10.0          0   70    35    20    15     3.0       -7.0             0.0
16 2021-02-17 00:00:00-05:00    70.0  10.0          0   70    35    15    20     3.0       -7.0             0.0
17 2021-02-18 00:00:00-05:00    25.0  10.0          0   25    10    10     5     3.0       -7.0             0.0
18 2021-02-19 00:00:00-05:00    39.0  10.0          0   40    20    10    10     4.0       -6.0             0.0
19 2021-02-20 00:00:00-05:00    90.0  10.0          0   90    45    20    25     4.0       -6.0             0.0
20 2021-02-21 00:00:00-05:00    10.0  10.0          0   10     5     0     5     4.0       -6.0             0.0
21 2021-02-22 00:00:00-05:00    68.0  25.0          0   65    30    15    20     1.0      -24.0             0.0
22 2021-02-23 00:00:00-05:00    62.0  25.0          0   65    35    15    15     4.0      -21.0             0.0
23 2021-02-24 00:00:00-05:00    96.0  25.0          0   95    45    25    25     3.0      -22.0             0.0
24 2021-02-25 00:00:00-05:00    94.0  25.0          0   95    50    25    20     4.0      -21.0             0.0
25 2021-02-26 00:00:00-05:00    50.0  25.0          0   50    25    10    15     4.0      -21.0             0.0
26 2021-02-27 00:00:00-05:00    59.0  25.0          0   55    25    15    15     0.0      -25.0             0.0
27 2021-02-28 00:00:00-05:00    65.0  25.0          0   65    35    20    10     0.0      -25.0             0.0
28 2021-03-01 00:00:00-05:00     0.0  35.0          0    0     0     0     0     0.0      -35.0             0.0
29 2021-03-02 00:00:00-05:00     0.0  35.0          0    0     0     0     0     0.0      -35.0             0.0
30 2021-03-03 00:00:00-05:00     0.0  35.0          0    0     0     0     0     0.0      -35.0             0.0
31 2021-03-04 00:00:00-05:00     0.0  35.0          0    0     0     0     0     0.0      -35.0             0.0
32 2021-03-05 00:00:00-05:00     0.0  35.0          0    0     0     0     0     0.0      -35.0             0.0
33 2021-03-06 00:00:00-05:00     0.0  35.0          0    0     0     0     0     0.0      -35.0             0.0
34 2021-03-07 00:00:00-05:00     0.0  35.0          0    0     0     0     0     0.0      -35.0             0.0
35 2021-03-08 00:00:00-05:00     0.0   0.0          0    0     0     0     0     0.0        0.0             0.0
36 2021-03-09 00:00:00-05:00     0.0   0.0          0    0     0     0     0     0.0        0.0             0.0
37 2021-03-10 00:00:00-05:00     0.0   0.0          0    0     0     0     0     0.0        0.0             0.0
38 2021-03-11 00:00:00-05:00     0.0   0.0          0    0     0     0     0     0.0        0.0             0.0
39 2021-03-12 00:00:00-05:00     0.0   0.0          0    0     0     0     0     0.0        0.0             0.0
40 2021-03-13 00:00:00-05:00     0.0   0.0          0    0     0     0     0     0.0        0.0             0.0
41 2021-03-14 00:00:00-05:00     0.0   0.0          0    0     0     0     0     0.0        0.0             0.0
                  startdate                   enddate  volume  ordered_total  aop_and_ss  net_ss
0 2021-02-01 00:00:00+00:00 2021-02-08 00:00:00+00:00    -3.0            305       416.0    15.0
1 2021-02-08 00:00:00+00:00 2021-02-15 00:00:00+00:00    -3.0            465       485.0    20.0
2 2021-02-15 00:00:00+00:00 2021-02-22 00:00:00+00:00    -3.0            375       385.0    10.0
3 2021-02-22 00:00:00+00:00 2021-03-01 00:00:00+00:00    -3.0            490       519.0    25.0
5002@7001
                  startdate                   enddate vendor  rank  volume  soq  buyguide percentage  actual_percentage
0 2021-02-01 00:00:00+00:00 2021-02-08 00:00:00+00:00   6001    -1    -1.0  212                 65.0          64.634146
4 2021-02-01 00:00:00+00:00 2021-02-08 00:00:00+00:00   6002    -1    -1.0  116                 35.0          35.365854
1 2021-02-08 00:00:00+00:00 2021-02-15 00:00:00+00:00   6001    -1    -1.0  292                 65.0          64.601770
5 2021-02-08 00:00:00+00:00 2021-02-15 00:00:00+00:00   6002    -1    -1.0  160                 35.0          35.398230
2 2021-02-15 00:00:00+00:00 2021-02-22 00:00:00+00:00   6001    -1    -1.0  264                 65.0          65.346535
6 2021-02-15 00:00:00+00:00 2021-02-22 00:00:00+00:00   6002    -1    -1.0  140                 35.0          34.653465
3 2021-02-22 00:00:00+00:00 2021-03-01 00:00:00+00:00   6001    -1    -1.0  252                 65.0          64.948454
7 2021-02-22 00:00:00+00:00 2021-03-01 00:00:00+00:00   6002    -1    -1.0  136                 35.0          35.051546
                        date  demand    ss  schedrcpt  soq  6001  6002  projoh  projavail  ignored_demand
0  2021-02-01 00:00:00-05:00    13.0  15.0          0    0     0     0     0.0      -15.0            13.0
1  2021-02-02 00:00:00-05:00    54.0  15.0          0    0     0     0     0.0      -15.0            54.0
2  2021-02-03 00:00:00-05:00    88.0  15.0          0   88    56    32     0.0      -15.0             0.0
3  2021-02-04 00:00:00-05:00    71.0  15.0          0   72    48    24     1.0      -14.0             0.0
4  2021-02-05 00:00:00-05:00    39.0  15.0          0   40    24    16     2.0      -13.0             0.0
5  2021-02-06 00:00:00-05:00    95.0  15.0          0   96    64    32     3.0      -12.0             0.0
6  2021-02-07 00:00:00-05:00    33.0  15.0          0   32    20    12     2.0      -13.0             0.0
7  2021-02-08 00:00:00-05:00    72.0  20.0          0   72    44    28     2.0      -18.0             0.0
8  2021-02-09 00:00:00-05:00    68.0  20.0          0   68    44    24     2.0      -18.0             0.0
9  2021-02-10 00:00:00-05:00    68.0  20.0          0   68    44    24     2.0      -18.0             0.0
10 2021-02-11 00:00:00-05:00    46.0  20.0          0   44    32    12     0.0      -20.0             0.0
11 2021-02-12 00:00:00-05:00    39.0  20.0          0   40    24    16     1.0      -19.0             0.0
12 2021-02-13 00:00:00-05:00    96.0  20.0          0   96    64    32     1.0      -19.0             0.0
13 2021-02-14 00:00:00-05:00    62.0  20.0          0   64    40    24     3.0      -17.0             0.0
14 2021-02-15 00:00:00-05:00    67.0  10.0          0   64    40    24     0.0      -10.0             0.0
15 2021-02-16 00:00:00-05:00    37.0  10.0          0   40    24    16     3.0       -7.0             0.0
16 2021-02-17 00:00:00-05:00    24.0  10.0          0   24    16     8     3.0       -7.0             0.0
17 2021-02-18 00:00:00-05:00    71.0  10.0          0   68    48    20     0.0      -10.0             0.0
18 2021-02-19 00:00:00-05:00    89.0  10.0          0   92    56    36     3.0       -7.0             0.0
19 2021-02-20 00:00:00-05:00    34.0  10.0          0   32    24     8     1.0       -9.0             0.0
20 2021-02-21 00:00:00-05:00    85.0  10.0          0   84    56    28     0.0      -10.0             0.0
21 2021-02-22 00:00:00-05:00    47.0  25.0          0   48    32    16     1.0      -24.0             0.0
22 2021-02-23 00:00:00-05:00    24.0  25.0          0   24    16     8     1.0      -24.0             0.0
23 2021-02-24 00:00:00-05:00    97.0  25.0          0   96    60    36     0.0      -25.0             0.0
24 2021-02-25 00:00:00-05:00    70.0  25.0          0   72    48    24     2.0      -23.0             0.0
25 2021-02-26 00:00:00-05:00    28.0  25.0          0   28    16    12     2.0      -23.0             0.0
26 2021-02-27 00:00:00-05:00    64.0  25.0          0   64    44    20     2.0      -23.0             0.0
27 2021-02-28 00:00:00-05:00    57.0  25.0          0   56    36    20     1.0      -24.0             0.0
28 2021-03-01 00:00:00-05:00     0.0  35.0          0    0     0     0     1.0      -34.0             0.0
29 2021-03-02 00:00:00-05:00     0.0  35.0          0    0     0     0     1.0      -34.0             0.0
30 2021-03-03 00:00:00-05:00     0.0  35.0          0    0     0     0     1.0      -34.0             0.0
31 2021-03-04 00:00:00-05:00     0.0  35.0          0    0     0     0     1.0      -34.0             0.0
32 2021-03-05 00:00:00-05:00     0.0  35.0          0    0     0     0     1.0      -34.0             0.0
33 2021-03-06 00:00:00-05:00     0.0  35.0          0    0     0     0     1.0      -34.0             0.0
34 2021-03-07 00:00:00-05:00     0.0  35.0          0    0     0     0     1.0      -34.0             0.0
35 2021-03-08 00:00:00-05:00     0.0   0.0          0    0     0     0     1.0        1.0             0.0
36 2021-03-09 00:00:00-05:00     0.0   0.0          0    0     0     0     1.0        1.0             0.0
37 2021-03-10 00:00:00-05:00     0.0   0.0          0    0     0     0     1.0        1.0             0.0
38 2021-03-11 00:00:00-05:00     0.0   0.0          0    0     0     0     1.0        1.0             0.0
39 2021-03-12 00:00:00-05:00     0.0   0.0          0    0     0     0     1.0        1.0             0.0
40 2021-03-13 00:00:00-05:00     0.0   0.0          0    0     0     0     1.0        1.0             0.0
41 2021-03-14 00:00:00-05:00     0.0   0.0          0    0     0     0     1.0        1.0             0.0
                  startdate                   enddate  volume  ordered_total  aop_and_ss  net_ss
0 2021-02-01 00:00:00+00:00 2021-02-08 00:00:00+00:00    -2.0            328       408.0    15.0
1 2021-02-08 00:00:00+00:00 2021-02-15 00:00:00+00:00    -2.0            452       471.0    20.0
2 2021-02-15 00:00:00+00:00 2021-02-22 00:00:00+00:00    -2.0            404       417.0    10.0
3 2021-02-22 00:00:00+00:00 2021-03-01 00:00:00+00:00    -2.0            388       412.0    25.0
