5001@7001
                  startdate                   enddate vendor  rank  volume  soq  srs  mso  buyguide percentage  actual_percentage
0 2021-02-01 00:00:00+00:00 2021-02-08 00:00:00+00:00   6001    -1    -1.0  420    0    0                 70.0          77.777778
3 2021-02-01 00:00:00+00:00 2021-02-08 00:00:00+00:00   6002    -1    -1.0  120    0    0                 30.0          22.222222
1 2021-02-08 00:00:00+00:00 2021-02-15 00:00:00+00:00   6001    -1    -1.0  562    0    0                 70.0          79.378531
4 2021-02-08 00:00:00+00:00 2021-02-15 00:00:00+00:00   6002    -1    -1.0  146    0    0                 25.0          20.621469
2 2021-02-15 00:00:00+00:00 2021-02-22 00:00:00+00:00   6001    -1    -1.0  106    0    0                 70.0          69.736842
5 2021-02-15 00:00:00+00:00 2021-02-22 00:00:00+00:00   6002    -1    -1.0   46    0    0                 30.0          30.263158
                        date  demand   ss  schedrcpt  mso  soq  6001  6002  projoh  projavail  ignored_demand
0  2021-02-01 00:00:00-05:00   100.0  0.0          0    0    0     0     0     0.0        0.0           100.0
1  2021-02-02 00:00:00-05:00   100.0  0.0          0    0    0     0     0     0.0        0.0           100.0
2  2021-02-03 00:00:00-05:00   100.0  0.0          0    0  140   140     0    40.0       40.0             0.0
3  2021-02-04 00:00:00-05:00   100.0  0.0          0    0   60     0    60     0.0        0.0             0.0
4  2021-02-05 00:00:00-05:00   100.0  0.0          0    0  140   140     0    40.0       40.0             0.0
5  2021-02-06 00:00:00-05:00   100.0  0.0          0    0   60     0    60     0.0        0.0             0.0
6  2021-02-07 00:00:00-05:00   100.0  0.0          0    0  140   140     0    40.0       40.0             0.0
7  2021-02-08 00:00:00-05:00   100.0  0.0          0    0  118   118     0    58.0       58.0             0.0
8  2021-02-09 00:00:00-05:00   100.0  0.0          0    0   42     0    42     0.0        0.0             0.0
9  2021-02-10 00:00:00-05:00   100.0  0.0          0    0  148   148     0    48.0       48.0             0.0
10 2021-02-11 00:00:00-05:00   100.0  0.0          0    0   52     0    52     0.0        0.0             0.0
11 2021-02-12 00:00:00-05:00   100.0  0.0          0    0  148   148     0    48.0       48.0             0.0
12 2021-02-13 00:00:00-05:00   100.0  0.0          0    0   52     0    52     0.0        0.0             0.0
13 2021-02-14 00:00:00-05:00   100.0  0.0          0    0  148   148     0    48.0       48.0             0.0
14 2021-02-15 00:00:00-05:00   100.0  0.0          0    0  106   106     0    54.0       54.0             0.0
15 2021-02-16 00:00:00-05:00   100.0  0.0          0    0   46     0    46     0.0        0.0             0.0
16 2021-02-17 00:00:00-05:00   100.0  0.0          0    0    0     0     0     0.0        0.0           100.0
17 2021-02-18 00:00:00-05:00   100.0  0.0          0    0    0     0     0     0.0        0.0           100.0
18 2021-02-19 00:00:00-05:00   100.0  0.0          0    0    0     0     0     0.0        0.0           100.0
19 2021-02-20 00:00:00-05:00   100.0  0.0          0    0    0     0     0     0.0        0.0           100.0
20 2021-02-21 00:00:00-05:00   100.0  0.0          0    0    0     0     0     0.0        0.0           100.0
                  startdate                   enddate  volume  ordered_total  srs_and_mso  aop_and_ss  net_ss
0 2021-02-01 00:00:00+00:00 2021-02-08 00:00:00+00:00    -2.0            540            0       700.0     0.0
1 2021-02-08 00:00:00+00:00 2021-02-15 00:00:00+00:00    -2.0            708            0       700.0     0.0
2 2021-02-15 00:00:00+00:00 2021-02-22 00:00:00+00:00    -2.0            152            0       700.0     0.0
5002@7001
                  startdate                   enddate vendor  rank  volume  soq  srs  mso  buyguide percentage  actual_percentage
0 2021-02-01 00:00:00+00:00 2021-02-08 00:00:00+00:00   6001    -1    -1.0  420    0    0                 70.0          77.777778
3 2021-02-01 00:00:00+00:00 2021-02-08 00:00:00+00:00   6002    -1    -1.0  120    0    0                 30.0          22.222222
1 2021-02-08 00:00:00+00:00 2021-02-15 00:00:00+00:00   6001    -1    -1.0  562    0    0                 70.0          79.378531
4 2021-02-08 00:00:00+00:00 2021-02-15 00:00:00+00:00   6002    -1    -1.0  146    0    0                 25.0          20.621469
2 2021-02-15 00:00:00+00:00 2021-02-22 00:00:00+00:00   6001    -1    -1.0  106    0    0                 70.0          69.736842
5 2021-02-15 00:00:00+00:00 2021-02-22 00:00:00+00:00   6002    -1    -1.0   46    0    0                 30.0          30.263158
                        date  demand   ss  schedrcpt  mso  soq  6001  6002  projoh  projavail  ignored_demand
0  2021-02-01 00:00:00-05:00   100.0  0.0          0    0    0     0     0     0.0        0.0           100.0
1  2021-02-02 00:00:00-05:00   100.0  0.0          0    0    0     0     0     0.0        0.0           100.0
2  2021-02-03 00:00:00-05:00   100.0  0.0          0    0  140   140     0    40.0       40.0             0.0
3  2021-02-04 00:00:00-05:00   100.0  0.0          0    0   60     0    60     0.0        0.0             0.0
4  2021-02-05 00:00:00-05:00   100.0  0.0          0    0  140   140     0    40.0       40.0             0.0
5  2021-02-06 00:00:00-05:00   100.0  0.0          0    0   60     0    60     0.0        0.0             0.0
6  2021-02-07 00:00:00-05:00   100.0  0.0          0    0  140   140     0    40.0       40.0             0.0
7  2021-02-08 00:00:00-05:00   100.0  0.0          0    0  118   118     0    58.0       58.0             0.0
8  2021-02-09 00:00:00-05:00   100.0  0.0          0    0   42     0    42     0.0        0.0             0.0
9  2021-02-10 00:00:00-05:00   100.0  0.0          0    0  148   148     0    48.0       48.0             0.0
10 2021-02-11 00:00:00-05:00   100.0  0.0          0    0   52     0    52     0.0        0.0             0.0
11 2021-02-12 00:00:00-05:00   100.0  0.0          0    0  148   148     0    48.0       48.0             0.0
12 2021-02-13 00:00:00-05:00   100.0  0.0          0    0   52     0    52     0.0        0.0             0.0
13 2021-02-14 00:00:00-05:00   100.0  0.0          0    0  148   148     0    48.0       48.0             0.0
14 2021-02-15 00:00:00-05:00   100.0  0.0          0    0  106   106     0    54.0       54.0             0.0
15 2021-02-16 00:00:00-05:00   100.0  0.0          0    0   46     0    46     0.0        0.0             0.0
16 2021-02-17 00:00:00-05:00   100.0  0.0          0    0    0     0     0     0.0        0.0           100.0
17 2021-02-18 00:00:00-05:00   100.0  0.0          0    0    0     0     0     0.0        0.0           100.0
18 2021-02-19 00:00:00-05:00   100.0  0.0          0    0    0     0     0     0.0        0.0           100.0
19 2021-02-20 00:00:00-05:00   100.0  0.0          0    0    0     0     0     0.0        0.0           100.0
20 2021-02-21 00:00:00-05:00   100.0  0.0          0    0    0     0     0     0.0        0.0           100.0
                  startdate                   enddate  volume  ordered_total  srs_and_mso  aop_and_ss  net_ss
0 2021-02-01 00:00:00+00:00 2021-02-08 00:00:00+00:00    -2.0            540            0       700.0     0.0
1 2021-02-08 00:00:00+00:00 2021-02-15 00:00:00+00:00    -2.0            708            0       700.0     0.0
2 2021-02-15 00:00:00+00:00 2021-02-22 00:00:00+00:00    -2.0            152            0       700.0     0.0
