5001@7001
                  startdate                   enddate vendor  rank  volume  soq  srs  mso  buyguide percentage  actual_percentage
0 2021-02-01 00:00:00+00:00 2021-02-08 00:00:00+00:00   6001     3    -1.0   84    0    0                 50.0          29.787234
3 2021-02-01 00:00:00+00:00 2021-02-08 00:00:00+00:00   6002     2    -1.0  150    0    0                 30.0          53.191489
6 2021-02-01 00:00:00+00:00 2021-02-08 00:00:00+00:00   6003     1    -1.0   48    0    0                 20.0          17.021277
1 2021-02-08 00:00:00+00:00 2021-02-15 00:00:00+00:00   6001     3    -1.0  105    0    0                 50.0          39.033457
4 2021-02-08 00:00:00+00:00 2021-02-15 00:00:00+00:00   6002     2    -1.0   96    0    0                 30.0          35.687732
7 2021-02-08 00:00:00+00:00 2021-02-15 00:00:00+00:00   6003     1    -1.0   68    0    0                 20.0          25.278810
2 2021-02-15 00:00:00+00:00 2021-02-21 00:00:00+00:00   6001     3    -1.0   91    0    0                 -1.0          53.846154
5 2021-02-15 00:00:00+00:00 2021-02-21 00:00:00+00:00   6002     2    -1.0   78    0    0                 -1.0          46.153846
                        date  demand   ss  schedrcpt  mso  soq  6001  6002  6003  projoh  projavail  ignored_demand
0  2021-02-01 00:00:00-05:00    60.0  0.0          0    0    0     0     0     0     0.0        0.0            60.0
1  2021-02-02 00:00:00-05:00    70.0  0.0          0    0    0     0     0     0     0.0        0.0            70.0
2  2021-02-03 00:00:00-05:00   100.0  0.0          0    0  102    56    30    16     2.0        2.0             0.0
3  2021-02-04 00:00:00-05:00    40.0  0.0          0    0   40    14     6    20     2.0        2.0             0.0
4  2021-02-05 00:00:00-05:00    60.0  0.0          0    0   58    14    36     8     0.0        0.0             0.0
5  2021-02-06 00:00:00-05:00    90.0  0.0          0    0   82     0    78     4     0.0        0.0             8.0
6  2021-02-07 00:00:00-05:00    50.0  0.0          0    0    0     0     0     0     0.0        0.0            50.0
7  2021-02-08 00:00:00-05:00    30.0  0.0          0    0   31    21     6     4     1.0        1.0             0.0
8  2021-02-09 00:00:00-05:00    80.0  0.0          0    0   81    35    30    16     2.0        2.0             0.0
9  2021-02-10 00:00:00-05:00    40.0  0.0          0    0   41    21    12     8     3.0        3.0             0.0
10 2021-02-11 00:00:00-05:00   100.0  0.0          0    0   98    28    42    28     1.0        1.0             0.0
11 2021-02-12 00:00:00-05:00    70.0  0.0          0    0   18     0     6    12     0.0        0.0            51.0
12 2021-02-13 00:00:00-05:00   110.0  0.0          0    0    0     0     0     0     0.0        0.0           110.0
13 2021-02-14 00:00:00-05:00    20.0  0.0          0    0    0     0     0     0     0.0        0.0            20.0
14 2021-02-15 00:00:00-05:00    80.0  0.0          0    0   81     7     6    68     1.0        1.0             0.0
15 2021-02-16 00:00:00-05:00   100.0  0.0          0    0  103    49    54     0     4.0        4.0             0.0
16 2021-02-17 00:00:00-05:00    20.0  0.0          0    0   20    14     6     0     4.0        4.0             0.0
17 2021-02-18 00:00:00-05:00    40.0  0.0          0    0   33    21    12     0     0.0        0.0             3.0
18 2021-02-19 00:00:00-05:00     0.0  0.0          0    0    0     0     0     0     0.0        0.0             0.0
19 2021-02-20 00:00:00-05:00     0.0  0.0          0    0    0     0     0     0     0.0        0.0             0.0
20 2021-02-21 00:00:00-05:00     0.0  0.0          0    0    0     0     0     0     0.0        0.0             0.0
                  startdate                   enddate  volume  ordered_total  srs_and_mso  aop_and_ss  net_ss
0 2021-02-01 00:00:00+00:00 2021-02-08 00:00:00+00:00    -3.0            282            0       470.0     0.0
1 2021-02-08 00:00:00+00:00 2021-02-15 00:00:00+00:00    -3.0            269            0       450.0     0.0
2 2021-02-15 00:00:00+00:00 2021-02-21 00:00:00+00:00    -2.0            169            0       240.0     0.0
