DSI-100.08
5001@7001
                  startdate                   enddate vendor  rank  volume_exact  volume_upto  soq  srs  mso  buyguide percentage  actual_percentage  order_total
0 2021-02-01 00:00:00+00:00 2021-02-08 00:00:00+00:00   6001    -1          -1.0         -1.0  100    0    0                 30.0               50.0          200
3 2021-02-01 00:00:00+00:00 2021-02-08 00:00:00+00:00   6002    -1          -1.0         -1.0  100    0    0                 30.0               50.0          200
1 2021-02-08 00:00:00+00:00 2021-02-15 00:00:00+00:00   6001    -1          -1.0         -1.0  100    0    0                 50.0               50.0          200
4 2021-02-08 00:00:00+00:00 2021-02-15 00:00:00+00:00   6002    -1          -1.0         -1.0  100    0    0                 50.0               50.0          200
2 2021-02-15 00:00:00+00:00 2021-02-22 00:00:00+00:00   6001    -1          -1.0         -1.0  100    0    0                 30.0               50.0          200
5 2021-02-15 00:00:00+00:00 2021-02-22 00:00:00+00:00   6002    -1          -1.0         -1.0  100    0    0                 30.0               50.0          200
                        date  demand   ss  avo  schedrcpt  mso  soq  6001  6002  projoh  projavail  ignored_demand  incoming_supply
0  2021-02-01 00:00:00-05:00   100.0  0.0    0          0    0    0     0     0     0.0        0.0           100.0                0
1  2021-02-02 00:00:00-05:00   100.0  0.0    0          0    0    0     0     0     0.0        0.0           100.0                0
2  2021-02-03 00:00:00-05:00   100.0  0.0    0          0    0  200   100   100   100.0      100.0             0.0              200
3  2021-02-04 00:00:00-05:00   100.0  0.0    0          0    0    0     0     0     0.0        0.0             0.0                0
4  2021-02-05 00:00:00-05:00   100.0  0.0    0          0    0    0     0     0     0.0        0.0           100.0                0
5  2021-02-06 00:00:00-05:00   100.0  0.0    0          0    0    0     0     0     0.0        0.0           100.0                0
6  2021-02-07 00:00:00-05:00   100.0  0.0    0          0    0    0     0     0     0.0        0.0           100.0                0
7  2021-02-08 00:00:00-05:00   100.0  0.0    0          0    0    0     0     0     0.0        0.0           100.0                0
8  2021-02-09 00:00:00-05:00   100.0  0.0    0          0    0    0     0     0     0.0        0.0           100.0                0
9  2021-02-10 00:00:00-05:00   100.0  0.0    0          0    0  200   100   100   100.0      100.0             0.0              200
10 2021-02-11 00:00:00-05:00   100.0  0.0    0          0    0    0     0     0     0.0        0.0             0.0                0
11 2021-02-12 00:00:00-05:00   100.0  0.0    0          0    0    0     0     0     0.0        0.0           100.0                0
12 2021-02-13 00:00:00-05:00   100.0  0.0    0          0    0    0     0     0     0.0        0.0           100.0                0
13 2021-02-14 00:00:00-05:00   100.0  0.0    0          0    0    0     0     0     0.0        0.0           100.0                0
14 2021-02-15 00:00:00-05:00   100.0  0.0    0          0    0    0     0     0     0.0        0.0           100.0                0
15 2021-02-16 00:00:00-05:00   100.0  0.0    0          0    0    0     0     0     0.0        0.0           100.0                0
16 2021-02-17 00:00:00-05:00   100.0  0.0    0          0    0  200   100   100   100.0      100.0             0.0              200
17 2021-02-18 00:00:00-05:00   100.0  0.0    0          0    0    0     0     0     0.0        0.0             0.0                0
18 2021-02-19 00:00:00-05:00   100.0  0.0    0          0    0    0     0     0     0.0        0.0           100.0                0
19 2021-02-20 00:00:00-05:00   100.0  0.0    0          0    0    0     0     0     0.0        0.0           100.0                0
20 2021-02-21 00:00:00-05:00   100.0  0.0    0          0    0    0     0     0     0.0        0.0           100.0                0
                  startdate                   enddate  volume_exact  volume_upto  ordered_total  srs_and_mso  aop_and_ss_and_avo  net_ss  ignored_demand
0 2021-02-01 00:00:00+00:00 2021-02-08 00:00:00+00:00          -2.0         -2.0            200            0               700.0     0.0          -500.0
1 2021-02-08 00:00:00+00:00 2021-02-15 00:00:00+00:00          -2.0         -2.0            200            0               700.0     0.0          -500.0
2 2021-02-15 00:00:00+00:00 2021-02-22 00:00:00+00:00          -2.0         -2.0            200            0               700.0     0.0          -500.0
5002@7001
   startdate    enddate vendor  rank  volume_exact  volume_upto  soq  srs  mso  buyguide percentage  actual_percentage  order_total
0 2021-02-01 2021-02-02   6001    -1            -1           -1    0    0    0                100.0                  0            0
1 2021-02-02 2021-02-03   6001    -1            -1           -1    0    0    0                100.0                  0            0
                        date  demand   ss  avo  schedrcpt  mso  soq  6001  projoh  projavail  ignored_demand  incoming_supply
0  2021-02-01 00:00:00-05:00   100.0  0.0    0          0    0    0     0     0.0        0.0           100.0                0
1  2021-02-02 00:00:00-05:00   100.0  0.0    0          0    0    0     0     0.0        0.0           100.0                0
2  2021-02-03 00:00:00-05:00   100.0  0.0    0          0    0  200   200   100.0      100.0             0.0              200
3  2021-02-04 00:00:00-05:00   100.0  0.0    0          0    0    0     0     0.0        0.0             0.0                0
4  2021-02-05 00:00:00-05:00   100.0  0.0    0          0    0    0     0     0.0        0.0           100.0                0
5  2021-02-06 00:00:00-05:00   100.0  0.0    0          0    0    0     0     0.0        0.0           100.0                0
6  2021-02-07 00:00:00-05:00   100.0  0.0    0          0    0    0     0     0.0        0.0           100.0                0
7  2021-02-08 00:00:00-05:00   100.0  0.0    0          0    0    0     0     0.0        0.0           100.0                0
8  2021-02-09 00:00:00-05:00   100.0  0.0    0          0    0    0     0     0.0        0.0           100.0                0
9  2021-02-10 00:00:00-05:00   100.0  0.0    0          0    0  200   200   100.0      100.0             0.0              200
10 2021-02-11 00:00:00-05:00   100.0  0.0    0          0    0    0     0     0.0        0.0             0.0                0
11 2021-02-12 00:00:00-05:00   100.0  0.0    0          0    0    0     0     0.0        0.0           100.0                0
12 2021-02-13 00:00:00-05:00   100.0  0.0    0          0    0    0     0     0.0        0.0           100.0                0
13 2021-02-14 00:00:00-05:00   100.0  0.0    0          0    0    0     0     0.0        0.0           100.0                0
14 2021-02-15 00:00:00-05:00   100.0  0.0    0          0    0    0     0     0.0        0.0           100.0                0
15 2021-02-16 00:00:00-05:00   100.0  0.0    0          0    0    0     0     0.0        0.0           100.0                0
16 2021-02-17 00:00:00-05:00   100.0  0.0    0          0    0  200   200   100.0      100.0             0.0              200
17 2021-02-18 00:00:00-05:00   100.0  0.0    0          0    0    0     0     0.0        0.0             0.0                0
18 2021-02-19 00:00:00-05:00   100.0  0.0    0          0    0    0     0     0.0        0.0           100.0                0
19 2021-02-20 00:00:00-05:00   100.0  0.0    0          0    0    0     0     0.0        0.0           100.0                0
20 2021-02-21 00:00:00-05:00   100.0  0.0    0          0    0    0     0     0.0        0.0           100.0                0
   startdate    enddate  volume_exact  volume_upto  ordered_total  srs_and_mso  aop_and_ss_and_avo  net_ss  ignored_demand
0 2021-02-01 2021-02-02            -1           -1              0            0               100.0     0.0          -100.0
1 2021-02-02 2021-02-03            -1           -1              0            0               100.0     0.0          -100.0
5003@7001
   startdate    enddate vendor  rank  volume_exact  volume_upto  soq  srs  mso  buyguide percentage  actual_percentage  order_total
0 2021-02-01 2021-02-02   6002    -1            -1           -1    0    0    0                100.0                  0            0
1 2021-02-02 2021-02-03   6002    -1            -1           -1    0    0    0                100.0                  0            0
                        date  demand   ss  avo  schedrcpt  mso  soq  6002  projoh  projavail  ignored_demand  incoming_supply
0  2021-02-01 00:00:00-05:00   100.0  0.0    0          0    0    0     0     0.0        0.0           100.0                0
1  2021-02-02 00:00:00-05:00   100.0  0.0    0          0    0    0     0     0.0        0.0           100.0                0
2  2021-02-03 00:00:00-05:00   100.0  0.0    0          0    0  200   200   100.0      100.0             0.0              200
3  2021-02-04 00:00:00-05:00   100.0  0.0    0          0    0    0     0     0.0        0.0             0.0                0
4  2021-02-05 00:00:00-05:00   100.0  0.0    0          0    0    0     0     0.0        0.0           100.0                0
5  2021-02-06 00:00:00-05:00   100.0  0.0    0          0    0    0     0     0.0        0.0           100.0                0
6  2021-02-07 00:00:00-05:00   100.0  0.0    0          0    0    0     0     0.0        0.0           100.0                0
7  2021-02-08 00:00:00-05:00   100.0  0.0    0          0    0    0     0     0.0        0.0           100.0                0
8  2021-02-09 00:00:00-05:00   100.0  0.0    0          0    0    0     0     0.0        0.0           100.0                0
9  2021-02-10 00:00:00-05:00   100.0  0.0    0          0    0  200   200   100.0      100.0             0.0              200
10 2021-02-11 00:00:00-05:00   100.0  0.0    0          0    0    0     0     0.0        0.0             0.0                0
11 2021-02-12 00:00:00-05:00   100.0  0.0    0          0    0    0     0     0.0        0.0           100.0                0
12 2021-02-13 00:00:00-05:00   100.0  0.0    0          0    0    0     0     0.0        0.0           100.0                0
13 2021-02-14 00:00:00-05:00   100.0  0.0    0          0    0    0     0     0.0        0.0           100.0                0
14 2021-02-15 00:00:00-05:00   100.0  0.0    0          0    0    0     0     0.0        0.0           100.0                0
15 2021-02-16 00:00:00-05:00   100.0  0.0    0          0    0    0     0     0.0        0.0           100.0                0
16 2021-02-17 00:00:00-05:00   100.0  0.0    0          0    0  200   200   100.0      100.0             0.0              200
17 2021-02-18 00:00:00-05:00   100.0  0.0    0          0    0    0     0     0.0        0.0             0.0                0
18 2021-02-19 00:00:00-05:00   100.0  0.0    0          0    0    0     0     0.0        0.0           100.0                0
19 2021-02-20 00:00:00-05:00   100.0  0.0    0          0    0    0     0     0.0        0.0           100.0                0
20 2021-02-21 00:00:00-05:00   100.0  0.0    0          0    0    0     0     0.0        0.0           100.0                0
   startdate    enddate  volume_exact  volume_upto  ordered_total  srs_and_mso  aop_and_ss_and_avo  net_ss  ignored_demand
0 2021-02-01 2021-02-02            -1           -1              0            0               100.0     0.0          -100.0
1 2021-02-02 2021-02-03            -1           -1              0            0               100.0     0.0          -100.0
