5001@7001
                   startdate                   enddate vendor  rank  volume  soq  srs  mso  buyguide percentage  actual_percentage
0  2021-02-01 00:00:00+00:00 2021-02-08 00:00:00+00:00   6001     1   100.0  100    0    0                 -1.0          33.333333
4  2021-02-01 00:00:00+00:00 2021-02-08 00:00:00+00:00   6002     2   100.0  100    0    0                 -1.0          33.333333
8  2021-02-01 00:00:00+00:00 2021-02-08 00:00:00+00:00   6003     3   100.0  100    0    0                 -1.0          33.333333
1  2021-02-08 00:00:00+00:00 2021-02-15 00:00:00+00:00   6001     1   100.0  100    0    0                 -1.0          21.505376
5  2021-02-08 00:00:00+00:00 2021-02-15 00:00:00+00:00   6002     2   100.0  100    0    0                 -1.0          21.505376
9  2021-02-08 00:00:00+00:00 2021-02-15 00:00:00+00:00   6003     3   265.0  265    0    0                 -1.0          56.989247
2  2021-02-15 00:00:00+00:00 2021-02-22 00:00:00+00:00   6001     1   100.0  100    0    0                 -1.0          26.666667
6  2021-02-15 00:00:00+00:00 2021-02-22 00:00:00+00:00   6002     2   100.0  100    0    0                 -1.0          26.666667
10 2021-02-15 00:00:00+00:00 2021-02-22 00:00:00+00:00   6003     3   175.0  175    0    0                 -1.0          46.666667
3  2021-02-22 00:00:00+00:00 2021-03-01 00:00:00+00:00   6001     1   100.0  100    0    0                 -1.0          20.242915
7  2021-02-22 00:00:00+00:00 2021-03-01 00:00:00+00:00   6002     2   100.0  100    0    0                 -1.0          20.242915
11 2021-02-22 00:00:00+00:00 2021-03-01 00:00:00+00:00   6003     3   295.0  294    0    0                 -1.0          59.514170
                        date  demand    ss  schedrcpt  mso  soq  6001  6002  6003  projoh  projavail  ignored_demand
0  2021-02-01 00:00:00-05:00    43.0  15.0        4.0    0    0     0     0     0     0.0      -15.0            39.0
1  2021-02-02 00:00:00-05:00    57.0  15.0        0.0    0   72    72     0     0    15.0        0.0             0.0
2  2021-02-03 00:00:00-05:00    34.0  15.0        0.0    0   34    28     6     0    15.0        0.0             0.0
3  2021-02-04 00:00:00-05:00    98.0  15.0        0.0    0   98     0    94     4    15.0        0.0             0.0
4  2021-02-05 00:00:00-05:00    54.0  15.0        0.0    0   54     0     0    54    15.0        0.0             0.0
5  2021-02-06 00:00:00-05:00    61.0  15.0        0.0    0   42     0     0    42     0.0      -15.0             4.0
6  2021-02-07 00:00:00-05:00    54.0  15.0        0.0    0    0     0     0     0     0.0      -15.0            54.0
7  2021-02-08 00:00:00-05:00    74.0  20.0        0.0    0  100   100     0     0    26.0        6.0             0.0
8  2021-02-09 00:00:00-05:00    34.0  20.0        0.0    0   28     0    28     0    20.0        0.0             0.0
9  2021-02-10 00:00:00-05:00    43.0  20.0        0.0    0   43     0    43     0    20.0        0.0             0.0
10 2021-02-11 00:00:00-05:00   101.0  20.0        0.0    0  101     0    29    72    20.0        0.0             0.0
11 2021-02-12 00:00:00-05:00    63.0  20.0        0.0    0   63     0     0    63    20.0        0.0             0.0
12 2021-02-13 00:00:00-05:00    55.0  20.0        0.0    0   55     0     0    55    20.0        0.0             0.0
13 2021-02-14 00:00:00-05:00    95.0  20.0        0.0    0   75     0     0    75     0.0      -20.0             0.0
14 2021-02-15 00:00:00-05:00    72.0  10.0        0.0    0   82    82     0     0    10.0        0.0             0.0
15 2021-02-16 00:00:00-05:00    69.0  10.0        0.0    0   69    18    51     0    10.0        0.0             0.0
16 2021-02-17 00:00:00-05:00    70.0  10.0        0.0    0   70     0    49    21    10.0        0.0             0.0
17 2021-02-18 00:00:00-05:00    25.0  10.0        0.0    0   25     0     0    25    10.0        0.0             0.0
18 2021-02-19 00:00:00-05:00    39.0  10.0        0.0    0   39     0     0    39    10.0        0.0             0.0
19 2021-02-20 00:00:00-05:00    90.0  10.0        0.0    0   90     0     0    90    10.0        0.0             0.0
20 2021-02-21 00:00:00-05:00    10.0  10.0        0.0    0    0     0     0     0     0.0      -10.0             0.0
                  startdate                   enddate  volume  ordered_total  srs_and_mso  aop_and_ss  net_ss
0 2021-02-01 00:00:00+00:00 2021-02-08 00:00:00+00:00   300.0            300            0       416.0    15.0
1 2021-02-08 00:00:00+00:00 2021-02-15 00:00:00+00:00   465.0            465            0       470.0     5.0
2 2021-02-15 00:00:00+00:00 2021-02-22 00:00:00+00:00   375.0            375            0       365.0   -10.0
3 2021-02-22 00:00:00+00:00 2021-03-01 00:00:00+00:00   495.0            494            0         0.0     0.0
5002@7001
                  startdate                   enddate vendor  rank  volume  soq  srs  mso  buyguide percentage  actual_percentage
0 2021-02-01 00:00:00+00:00 2021-02-08 00:00:00+00:00   6001     1   200.0  200    0    0                 -1.0          50.632911
4 2021-02-01 00:00:00+00:00 2021-02-08 00:00:00+00:00   6002     2   200.0  195    0    0                 -1.0          49.367089
1 2021-02-08 00:00:00+00:00 2021-02-15 00:00:00+00:00   6001     1   200.0  200    0    0                 -1.0          44.444444
5 2021-02-08 00:00:00+00:00 2021-02-15 00:00:00+00:00   6002     2   250.0  250    0    0                 -1.0          55.555556
2 2021-02-15 00:00:00+00:00 2021-02-22 00:00:00+00:00   6001     1   200.0  200    0    0                 -1.0          49.627792
6 2021-02-15 00:00:00+00:00 2021-02-22 00:00:00+00:00   6002     2   210.0  203    0    0                 -1.0          50.372208
3 2021-02-22 00:00:00+00:00 2021-03-01 00:00:00+00:00   6001     1   200.0  200    0    0                 -1.0          53.050398
7 2021-02-22 00:00:00+00:00 2021-03-01 00:00:00+00:00   6002     2   200.0  177    0    0                 -1.0          46.949602
                        date  demand    ss  schedrcpt  mso  soq  6001  6002  projoh  projavail  ignored_demand
0  2021-02-01 00:00:00-05:00    13.0  15.0        4.0    0    0     0     0     0.0      -15.0             9.0
1  2021-02-02 00:00:00-05:00    54.0  15.0        0.0    0   69    69     0    15.0        0.0             0.0
2  2021-02-03 00:00:00-05:00    88.0  15.0        0.0    0   88    88     0    15.0        0.0             0.0
3  2021-02-04 00:00:00-05:00    71.0  15.0        0.0    0   71    43    28    15.0        0.0             0.0
4  2021-02-05 00:00:00-05:00    39.0  15.0        0.0    0   39     0    39    15.0        0.0             0.0
5  2021-02-06 00:00:00-05:00    95.0  15.0        0.0    0  100     0   100    20.0        5.0             0.0
6  2021-02-07 00:00:00-05:00    33.0  15.0        0.0    0   28     0    28    15.0        0.0             0.0
7  2021-02-08 00:00:00-05:00    72.0  20.0        0.0    0   77    77     0    20.0        0.0             0.0
8  2021-02-09 00:00:00-05:00    68.0  20.0        0.0    0   68    68     0    20.0        0.0             0.0
9  2021-02-10 00:00:00-05:00    68.0  20.0        0.0    0   68    55    13    20.0        0.0             0.0
10 2021-02-11 00:00:00-05:00    46.0  20.0        0.0    0   46     0    46    20.0        0.0             0.0
11 2021-02-12 00:00:00-05:00    39.0  20.0        0.0    0   39     0    39    20.0        0.0             0.0
12 2021-02-13 00:00:00-05:00    96.0  20.0        0.0    0  100     0   100    24.0        4.0             0.0
13 2021-02-14 00:00:00-05:00    62.0  20.0        0.0    0   52     0    52    14.0       -6.0             0.0
14 2021-02-15 00:00:00-05:00    67.0  10.0        0.0    0   63    63     0    10.0        0.0             0.0
15 2021-02-16 00:00:00-05:00    37.0  10.0        0.0    0   37    37     0    10.0        0.0             0.0
16 2021-02-17 00:00:00-05:00    24.0  10.0        0.0    0   24    24     0    10.0        0.0             0.0
17 2021-02-18 00:00:00-05:00    71.0  10.0        0.0    0   71    71     0    10.0        0.0             0.0
18 2021-02-19 00:00:00-05:00    89.0  10.0        0.0    0   89     5    84    10.0        0.0             0.0
19 2021-02-20 00:00:00-05:00    34.0  10.0        0.0    0   34     0    34    10.0        0.0             0.0
20 2021-02-21 00:00:00-05:00    85.0  10.0        0.0    0   85     0    85    10.0        0.0             0.0
                  startdate                   enddate  volume  ordered_total  srs_and_mso  aop_and_ss  net_ss
0 2021-02-01 00:00:00+00:00 2021-02-08 00:00:00+00:00   400.0            395            0       408.0    15.0
1 2021-02-08 00:00:00+00:00 2021-02-15 00:00:00+00:00   450.0            450            0       456.0     5.0
2 2021-02-15 00:00:00+00:00 2021-02-22 00:00:00+00:00   410.0            403            0       397.0   -10.0
3 2021-02-22 00:00:00+00:00 2021-03-01 00:00:00+00:00   400.0            377            0         0.0     0.0
