50114
5001@7001
                  startdate                   enddate vendor  rank  volume_exact  volume_upto  soq  srs  mso  buyguide percentage  actual_percentage  order_total
0 2021-02-01 00:00:00+00:00 2021-02-08 00:00:00+00:00   6001    -1          -1.0         -1.0  156    0    0                 30.0          28.057554          556
3 2021-02-01 00:00:00+00:00 2021-02-08 00:00:00+00:00   6002    -1          -1.0         -1.0  400    0    0                 70.0          71.942446          556
1 2021-02-08 00:00:00+00:00 2021-02-15 00:00:00+00:00   6001    -1          -1.0         -1.0  324    0    0                 50.0          50.310559          644
4 2021-02-08 00:00:00+00:00 2021-02-15 00:00:00+00:00   6002    -1          -1.0         -1.0  320    0    0                 50.0          49.689441          644
2 2021-02-15 00:00:00+00:00 2021-02-22 00:00:00+00:00   6001    -1          -1.0         -1.0  468    0    0                 70.0          66.101695          708
5 2021-02-15 00:00:00+00:00 2021-02-22 00:00:00+00:00   6002    -1          -1.0         -1.0  240    0    0                 30.0          33.898305          708
                        date  demand   ss  avo  schedrcpt  mso  soq  6001  6002  projoh  projavail  ignored_demand  incoming_supply
0  2021-02-01 00:00:00-05:00   100.0  0.0    0          0    0    0     0     0     0.0        0.0           100.0                0
1  2021-02-02 00:00:00-05:00   100.0  0.0    0          0    0    0     0     0     0.0        0.0           100.0                0
2  2021-02-03 00:00:00-05:00   100.0  0.0    0          0    0  116    36    80    16.0       16.0             0.0              116
3  2021-02-04 00:00:00-05:00   100.0  0.0    0          0    0  104    24    80    20.0       20.0             0.0              104
4  2021-02-05 00:00:00-05:00   100.0  0.0    0          0    0  116    36    80    36.0       36.0             0.0              116
5  2021-02-06 00:00:00-05:00   100.0  0.0    0          0    0  104    24    80    40.0       40.0             0.0              104
6  2021-02-07 00:00:00-05:00   100.0  0.0    0          0    0  116    36    80    56.0       56.0             0.0              116
7  2021-02-08 00:00:00-05:00   100.0  0.0    0          0    0  104    24    80    60.0       60.0             0.0              104
8  2021-02-09 00:00:00-05:00   100.0  0.0    0          0    0   48    48     0     8.0        8.0             0.0               48
9  2021-02-10 00:00:00-05:00   100.0  0.0    0          0    0  140    60    80    48.0       48.0             0.0              140
10 2021-02-11 00:00:00-05:00   100.0  0.0    0          0    0  128    48    80    76.0       76.0             0.0              128
11 2021-02-12 00:00:00-05:00   100.0  0.0    0          0    0   24    24     0     0.0        0.0             0.0               24
12 2021-02-13 00:00:00-05:00   100.0  0.0    0          0    0  152    72    80    52.0       52.0             0.0              152
13 2021-02-14 00:00:00-05:00   100.0  0.0    0          0    0   48    48     0     0.0        0.0             0.0               48
14 2021-02-15 00:00:00-05:00   100.0  0.0    0          0    0  152    72    80    52.0       52.0             0.0              152
15 2021-02-16 00:00:00-05:00   100.0  0.0    0          0    0   48    48     0     0.0        0.0             0.0               48
16 2021-02-17 00:00:00-05:00   100.0  0.0    0          0    0  176    96    80    76.0       76.0             0.0              176
17 2021-02-18 00:00:00-05:00   100.0  0.0    0          0    0   24    24     0     0.0        0.0             0.0               24
18 2021-02-19 00:00:00-05:00   100.0  0.0    0          0    0  108   108     0     8.0        8.0             0.0              108
19 2021-02-20 00:00:00-05:00   100.0  0.0    0          0    0  152    72    80    60.0       60.0             0.0              152
20 2021-02-21 00:00:00-05:00   100.0  0.0    0          0    0   48    48     0     8.0        8.0             0.0               48
                  startdate                   enddate  volume_exact  volume_upto  ordered_total  srs_and_mso  aop_and_ss_and_avo  net_ss  ignored_demand
0 2021-02-01 00:00:00+00:00 2021-02-08 00:00:00+00:00          -2.0         -2.0            556            0               700.0     0.0          -144.0
1 2021-02-08 00:00:00+00:00 2021-02-15 00:00:00+00:00          -2.0         -2.0            644            0               700.0     0.0           -56.0
2 2021-02-15 00:00:00+00:00 2021-02-22 00:00:00+00:00          -2.0         -2.0            708            0               700.0     0.0             8.0
5002@7001
   startdate    enddate vendor  rank  volume_exact  volume_upto  soq  srs  mso  buyguide percentage  actual_percentage  order_total
0 2021-02-01 2021-02-02   6001    -1            -1           -1    0    0    0                100.0                  0            0
1 2021-02-02 2021-02-03   6001    -1            -1           -1    0    0    0                100.0                  0            0
                        date  demand   ss  avo  schedrcpt  mso  soq  6001  projoh  projavail  ignored_demand  incoming_supply
0  2021-02-01 00:00:00-05:00   100.0  0.0    0          0    0    0     0     0.0        0.0           100.0                0
1  2021-02-02 00:00:00-05:00   100.0  0.0    0          0    0    0     0     0.0        0.0           100.0                0
2  2021-02-03 00:00:00-05:00   100.0  0.0    0          0    0  132   132    32.0       32.0             0.0              132
3  2021-02-04 00:00:00-05:00   100.0  0.0    0          0    0   99    99    31.0       31.0             0.0               99
4  2021-02-05 00:00:00-05:00   100.0  0.0    0          0    0   99    99    30.0       30.0             0.0               99
5  2021-02-06 00:00:00-05:00   100.0  0.0    0          0    0   99    99    29.0       29.0             0.0               99
6  2021-02-07 00:00:00-05:00   100.0  0.0    0          0    0   99    99    28.0       28.0             0.0               99
7  2021-02-08 00:00:00-05:00   100.0  0.0    0          0    0   99    99    27.0       27.0             0.0               99
8  2021-02-09 00:00:00-05:00   100.0  0.0    0          0    0   99    99    26.0       26.0             0.0               99
9  2021-02-10 00:00:00-05:00   100.0  0.0    0          0    0   99    99    25.0       25.0             0.0               99
10 2021-02-11 00:00:00-05:00   100.0  0.0    0          0    0   99    99    24.0       24.0             0.0               99
11 2021-02-12 00:00:00-05:00   100.0  0.0    0          0    0   99    99    23.0       23.0             0.0               99
12 2021-02-13 00:00:00-05:00   100.0  0.0    0          0    0   99    99    22.0       22.0             0.0               99
13 2021-02-14 00:00:00-05:00   100.0  0.0    0          0    0   99    99    21.0       21.0             0.0               99
14 2021-02-15 00:00:00-05:00   100.0  0.0    0          0    0   99    99    20.0       20.0             0.0               99
15 2021-02-16 00:00:00-05:00   100.0  0.0    0          0    0   99    99    19.0       19.0             0.0               99
16 2021-02-17 00:00:00-05:00   100.0  0.0    0          0    0   99    99    18.0       18.0             0.0               99
17 2021-02-18 00:00:00-05:00   100.0  0.0    0          0    0   99    99    17.0       17.0             0.0               99
18 2021-02-19 00:00:00-05:00   100.0  0.0    0          0    0   99    99    16.0       16.0             0.0               99
19 2021-02-20 00:00:00-05:00   100.0  0.0    0          0    0   99    99    15.0       15.0             0.0               99
20 2021-02-21 00:00:00-05:00   100.0  0.0    0          0    0   99    99    14.0       14.0             0.0               99
   startdate    enddate  volume_exact  volume_upto  ordered_total  srs_and_mso  aop_and_ss_and_avo  net_ss  ignored_demand
0 2021-02-01 2021-02-02            -1           -1              0            0               100.0     0.0          -100.0
1 2021-02-02 2021-02-03            -1           -1              0            0               100.0     0.0          -100.0
5003@7001
   startdate    enddate vendor  rank  volume_exact  volume_upto  soq  srs  mso  buyguide percentage  actual_percentage  order_total
0 2021-02-01 2021-02-02   6002    -1            -1           -1    0    0    0                100.0                  0            0
1 2021-02-02 2021-02-03   6002    -1            -1           -1    0    0    0                100.0                  0            0
                        date  demand   ss  avo  schedrcpt  mso  soq  6002  projoh  projavail  ignored_demand  incoming_supply
0  2021-02-01 00:00:00-05:00   100.0  0.0    0          0    0    0     0     0.0        0.0           100.0                0
1  2021-02-02 00:00:00-05:00   100.0  0.0    0          0    0    0     0     0.0        0.0           100.0                0
2  2021-02-03 00:00:00-05:00   100.0  0.0    0          0    0  132   132    32.0       32.0             0.0              132
3  2021-02-04 00:00:00-05:00   100.0  0.0    0          0    0  132   132    64.0       64.0             0.0              132
4  2021-02-05 00:00:00-05:00   100.0  0.0    0          0    0  132   132    96.0       96.0             0.0              132
5  2021-02-06 00:00:00-05:00   100.0  0.0    0          0    0  132   132   128.0      128.0             0.0              132
6  2021-02-07 00:00:00-05:00   100.0  0.0    0          0    0    0     0    28.0       28.0             0.0                0
7  2021-02-08 00:00:00-05:00   100.0  0.0    0          0    0  132   132    60.0       60.0             0.0              132
8  2021-02-09 00:00:00-05:00   100.0  0.0    0          0    0  132   132    92.0       92.0             0.0              132
9  2021-02-10 00:00:00-05:00   100.0  0.0    0          0    0  132   132   124.0      124.0             0.0              132
10 2021-02-11 00:00:00-05:00   100.0  0.0    0          0    0    0     0    24.0       24.0             0.0                0
11 2021-02-12 00:00:00-05:00   100.0  0.0    0          0    0  132   132    56.0       56.0             0.0              132
12 2021-02-13 00:00:00-05:00   100.0  0.0    0          0    0  132   132    88.0       88.0             0.0              132
13 2021-02-14 00:00:00-05:00   100.0  0.0    0          0    0  132   132   120.0      120.0             0.0              132
14 2021-02-15 00:00:00-05:00   100.0  0.0    0          0    0    0     0    20.0       20.0             0.0                0
15 2021-02-16 00:00:00-05:00   100.0  0.0    0          0    0  132   132    52.0       52.0             0.0              132
16 2021-02-17 00:00:00-05:00   100.0  0.0    0          0    0  132   132    84.0       84.0             0.0              132
17 2021-02-18 00:00:00-05:00   100.0  0.0    0          0    0  132   132   116.0      116.0             0.0              132
18 2021-02-19 00:00:00-05:00   100.0  0.0    0          0    0    0     0    16.0       16.0             0.0                0
19 2021-02-20 00:00:00-05:00   100.0  0.0    0          0    0  132   132    48.0       48.0             0.0              132
20 2021-02-21 00:00:00-05:00   100.0  0.0    0          0    0  132   132    80.0       80.0             0.0              132
   startdate    enddate  volume_exact  volume_upto  ordered_total  srs_and_mso  aop_and_ss_and_avo  net_ss  ignored_demand
0 2021-02-01 2021-02-02            -1           -1              0            0               100.0     0.0          -100.0
1 2021-02-02 2021-02-03            -1           -1              0            0               100.0     0.0          -100.0
