SRS_50251



5001@7001
                   startdate                   enddate vendor  rank  volume_exact  volume_upto  soq   srs  mso  buyguide percentage  actual_percentage  order_total
0  2021-02-01 00:00:00+00:00 2021-02-08 00:00:00+00:00   6001    -1          -1.0         -1.0   35  50.0    0                 30.0          30.141844        282.0
4  2021-02-01 00:00:00+00:00 2021-02-08 00:00:00+00:00   6002    -1          -1.0         -1.0   85   0.0    0                 30.0          30.141844        282.0
8  2021-02-01 00:00:00+00:00 2021-02-08 00:00:00+00:00   6003    -1          -1.0         -1.0  112   0.0    0                 40.0          39.716312        282.0
1  2021-02-08 00:00:00+00:00 2021-02-15 00:00:00+00:00   6001    -1          -1.0         -1.0  118   0.0    0                 25.0          25.106383        470.0
5  2021-02-08 00:00:00+00:00 2021-02-15 00:00:00+00:00   6002    -1          -1.0         -1.0  118   0.0    0                 25.0          25.106383        470.0
9  2021-02-08 00:00:00+00:00 2021-02-15 00:00:00+00:00   6003    -1          -1.0         -1.0  234   0.0    0                 50.0          49.787234        470.0
2  2021-02-15 00:00:00+00:00 2021-02-22 00:00:00+00:00   6001    -1          -1.0         -1.0  183   0.0    0                 50.0          50.136986        365.0
6  2021-02-15 00:00:00+00:00 2021-02-22 00:00:00+00:00   6002    -1          -1.0         -1.0   91   0.0    0                 25.0          24.931507        365.0
10 2021-02-15 00:00:00+00:00 2021-02-22 00:00:00+00:00   6003    -1          -1.0         -1.0   91   0.0    0                 25.0          24.931507        365.0
3  2021-02-22 00:00:00+00:00 2021-03-01 00:00:00+00:00   6001    -1          -1.0         -1.0  242   0.0    0                 50.0          50.000000        484.0
7  2021-02-22 00:00:00+00:00 2021-03-01 00:00:00+00:00   6002    -1          -1.0         -1.0  121   0.0    0                 25.0          25.000000        484.0
11 2021-02-22 00:00:00+00:00 2021-03-01 00:00:00+00:00   6003    -1          -1.0         -1.0  121   0.0    0                 25.0          25.000000        484.0
                        date  demand    ss  avo  schedrcpt  mso  soq  6001  6002  6003  projoh  projavail  ignored_demand  incoming_supply
0  2021-02-03 00:00:00-05:00    34.0  15.0    0        0.0    0    0     0     0     0     0.0      -15.0            34.0                0
1  2021-02-04 00:00:00-05:00    98.0  15.0    0        0.0    0  113     0    49    64    15.0        0.0             0.0              113
2  2021-02-05 00:00:00-05:00    54.0  15.0    0       50.0    0    4     1     1     2    15.0        0.0             0.0                4
3  2021-02-06 00:00:00-05:00    61.0  15.0    0        0.0    0   61    18     5    38    15.0        0.0             0.0               61
4  2021-02-07 00:00:00-05:00    54.0  15.0    0        0.0    0   54    16    30     8    15.0        0.0             0.0               54
5  2021-02-08 00:00:00-05:00    74.0  20.0    0        0.0    0   79    20    20    39    20.0        0.0             0.0               79
6  2021-02-09 00:00:00-05:00    34.0  20.0    0        0.0    0   34     9     8    17    20.0        0.0             0.0               34
7  2021-02-10 00:00:00-05:00    43.0  20.0    0        0.0    0   43    10    11    22    20.0        0.0             0.0               43
8  2021-02-11 00:00:00-05:00   101.0  20.0    0        0.0    0  101    26    25    50    20.0        0.0             0.0              101
9  2021-02-12 00:00:00-05:00    63.0  20.0    0        0.0    0   63    15    16    32    20.0        0.0             0.0               63
10 2021-02-13 00:00:00-05:00    55.0  20.0    0        0.0    0   55    14    14    27    20.0        0.0             0.0               55
11 2021-02-14 00:00:00-05:00    95.0  20.0    0        0.0    0   95    24    24    47    20.0        0.0             0.0               95
12 2021-02-15 00:00:00-05:00    72.0  10.0    0        0.0    0   62    31    16    15    10.0        0.0             0.0               62
13 2021-02-16 00:00:00-05:00    69.0  10.0    0        0.0    0   69    35    17    17    10.0        0.0             0.0               69
14 2021-02-17 00:00:00-05:00    70.0  10.0    0        0.0    0   70    35    17    18    10.0        0.0             0.0               70
15 2021-02-18 00:00:00-05:00    25.0  10.0    0        0.0    0   25    12     7     6    10.0        0.0             0.0               25
16 2021-02-19 00:00:00-05:00    39.0  10.0    0        0.0    0   39    20     9    10    10.0        0.0             0.0               39
17 2021-02-20 00:00:00-05:00    90.0  10.0    0        0.0    0   90    45    23    22    10.0        0.0             0.0               90
18 2021-02-21 00:00:00-05:00    10.0  10.0    0        0.0    0   10     5     2     3    10.0        0.0             0.0               10
19 2021-02-22 00:00:00-05:00    68.0  25.0    0        0.0    0   83    42    21    20    25.0        0.0             0.0               83
20 2021-02-23 00:00:00-05:00    62.0  25.0    0        0.0    0   62    31    15    16    25.0        0.0             0.0               62
                  startdate                   enddate  volume_exact  volume_upto  ordered_total  srs_and_mso  aop_and_ss_and_avo  net_ss  ignored_demand
0 2021-02-01 00:00:00+00:00 2021-02-08 00:00:00+00:00          -3.0         -3.0            232         50.0               316.0    15.0           -34.0
1 2021-02-08 00:00:00+00:00 2021-02-15 00:00:00+00:00          -3.0         -3.0            470          0.0               470.0     5.0             0.0
2 2021-02-15 00:00:00+00:00 2021-02-22 00:00:00+00:00          -3.0         -3.0            365          0.0               365.0   -10.0             0.0
3 2021-02-22 00:00:00+00:00 2021-03-01 00:00:00+00:00          -3.0         -3.0            484          0.0               145.0    15.0           339.0
5002@7001
                  startdate                   enddate vendor  rank  volume_exact  volume_upto  soq  srs  mso  buyguide percentage  actual_percentage  order_total
0 2021-02-01 00:00:00+00:00 2021-02-08 00:00:00+00:00   6001    -1          -1.0         -1.0  165    0    0                 65.0          65.217391          253
4 2021-02-01 00:00:00+00:00 2021-02-08 00:00:00+00:00   6002    -1          -1.0         -1.0   88    0    0                 35.0          34.782609          253
1 2021-02-08 00:00:00+00:00 2021-02-15 00:00:00+00:00   6001    -1          -1.0         -1.0  297    0    0                 65.0          65.131579          456
5 2021-02-08 00:00:00+00:00 2021-02-15 00:00:00+00:00   6002    -1          -1.0         -1.0  159    0    0                 35.0          34.868421          456
2 2021-02-15 00:00:00+00:00 2021-02-22 00:00:00+00:00   6001    -1          -1.0         -1.0  259    0    0                 65.0          65.239295          397
6 2021-02-15 00:00:00+00:00 2021-02-22 00:00:00+00:00   6002    -1          -1.0         -1.0  138    0    0                 35.0          34.760705          397
3 2021-02-22 00:00:00+00:00 2021-03-01 00:00:00+00:00   6001    -1          -1.0         -1.0  246    0    0                 65.0          65.251989          377
7 2021-02-22 00:00:00+00:00 2021-03-01 00:00:00+00:00   6002    -1          -1.0         -1.0  131    0    0                 35.0          34.748011          377
                        date  demand    ss  avo  schedrcpt  mso  soq  6001  6002  projoh  projavail  ignored_demand  incoming_supply
0  2021-02-03 00:00:00-05:00    88.0  15.0    0          0    0    0     0     0     0.0      -15.0            88.0                0
1  2021-02-04 00:00:00-05:00    71.0  15.0    0          0    0   86    56    30    15.0        0.0             0.0               86
2  2021-02-05 00:00:00-05:00    39.0  15.0    0          0    0   39    26    13    15.0        0.0             0.0               39
3  2021-02-06 00:00:00-05:00    95.0  15.0    0          0    0   95    61    34    15.0        0.0             0.0               95
4  2021-02-07 00:00:00-05:00    33.0  15.0    0          0    0   33    22    11    15.0        0.0             0.0               33
5  2021-02-08 00:00:00-05:00    72.0  20.0    0          0    0   77    51    26    20.0        0.0             0.0               77
6  2021-02-09 00:00:00-05:00    68.0  20.0    0          0    0   68    44    24    20.0        0.0             0.0               68
7  2021-02-10 00:00:00-05:00    68.0  20.0    0          0    0   68    44    24    20.0        0.0             0.0               68
8  2021-02-11 00:00:00-05:00    46.0  20.0    0          0    0   46    30    16    20.0        0.0             0.0               46
9  2021-02-12 00:00:00-05:00    39.0  20.0    0          0    0   39    25    14    20.0        0.0             0.0               39
10 2021-02-13 00:00:00-05:00    96.0  20.0    0          0    0   96    63    33    20.0        0.0             0.0               96
11 2021-02-14 00:00:00-05:00    62.0  20.0    0          0    0   62    40    22    20.0        0.0             0.0               62
12 2021-02-15 00:00:00-05:00    67.0  10.0    0          0    0   57    38    19    10.0        0.0             0.0               57
13 2021-02-16 00:00:00-05:00    37.0  10.0    0          0    0   37    24    13    10.0        0.0             0.0               37
14 2021-02-17 00:00:00-05:00    24.0  10.0    0          0    0   24    15     9    10.0        0.0             0.0               24
15 2021-02-18 00:00:00-05:00    71.0  10.0    0          0    0   71    46    25    10.0        0.0             0.0               71
16 2021-02-19 00:00:00-05:00    89.0  10.0    0          0    0   89    58    31    10.0        0.0             0.0               89
17 2021-02-20 00:00:00-05:00    34.0  10.0    0          0    0   34    22    12    10.0        0.0             0.0               34
18 2021-02-21 00:00:00-05:00    85.0  10.0    0          0    0   85    56    29    10.0        0.0             0.0               85
19 2021-02-22 00:00:00-05:00    47.0  25.0    0          0    0   62    41    21    25.0        0.0             0.0               62
20 2021-02-23 00:00:00-05:00    24.0  25.0    0          0    0   24    15     9    25.0        0.0             0.0               24
                  startdate                   enddate  volume_exact  volume_upto  ordered_total  srs_and_mso  aop_and_ss_and_avo  net_ss  ignored_demand
0 2021-02-01 00:00:00+00:00 2021-02-08 00:00:00+00:00          -2.0         -2.0            253            0               341.0    15.0           -88.0
1 2021-02-08 00:00:00+00:00 2021-02-15 00:00:00+00:00          -2.0         -2.0            456            0               456.0     5.0             0.0
2 2021-02-15 00:00:00+00:00 2021-02-22 00:00:00+00:00          -2.0         -2.0            397            0               397.0   -10.0             0.0
3 2021-02-22 00:00:00+00:00 2021-03-01 00:00:00+00:00          -2.0         -2.0            377            0                86.0    15.0           291.0
