5001@7001
                  startdate                   enddate vendor  rank  volume  soq  buyguide percentage  actual_percentage
0 2021-02-01 00:00:00+00:00 2021-02-08 00:00:00+00:00   6001     1    -1.0   98                 20.0          28.823529
3 2021-02-01 00:00:00+00:00 2021-02-08 00:00:00+00:00   6002     2    -1.0  242                 50.0          71.176471
6 2021-02-01 00:00:00+00:00 2021-02-08 00:00:00+00:00   6003     3    -1.0    0                 -1.0           0.000000
1 2021-02-08 00:00:00+00:00 2021-02-15 00:00:00+00:00   6001     1    -1.0  200                 35.0          44.444444
4 2021-02-08 00:00:00+00:00 2021-02-15 00:00:00+00:00   6002     2    -1.0  250                 20.0          55.555556
7 2021-02-08 00:00:00+00:00 2021-02-15 00:00:00+00:00   6003     3    -1.0    0                 -1.0           0.000000
2 2021-02-15 00:00:00+00:00 2021-02-21 00:00:00+00:00   6001     1    -1.0   84                 35.0          35.000000
5 2021-02-15 00:00:00+00:00 2021-02-21 00:00:00+00:00   6002     2    -1.0  156                 65.0          65.000000
                        date  demand   ss  schedrcpt  soq  6003  6001  6002  projoh  projavail  ignored_demand
0  2021-02-01 00:00:00-05:00    60.0  0.0          0    0     0     0     0     0.0        0.0            60.0
1  2021-02-02 00:00:00-05:00    70.0  0.0          0    0     0     0     0     0.0        0.0            70.0
2  2021-02-03 00:00:00-05:00   100.0  0.0          0  100     0    29    71     0.0        0.0             0.0
3  2021-02-04 00:00:00-05:00    40.0  0.0          0   40     0    12    28     0.0        0.0             0.0
4  2021-02-05 00:00:00-05:00    60.0  0.0          0   60     0    17    43     0.0        0.0             0.0
5  2021-02-06 00:00:00-05:00    90.0  0.0          0   90     0    26    64     0.0        0.0             0.0
6  2021-02-07 00:00:00-05:00    50.0  0.0          0   50     0    14    36     0.0        0.0             0.0
7  2021-02-08 00:00:00-05:00    30.0  0.0          0   30     0    20    10     0.0        0.0             0.0
8  2021-02-09 00:00:00-05:00    80.0  0.0          0   80     0    51    29     0.0        0.0             0.0
9  2021-02-10 00:00:00-05:00    40.0  0.0          0   40     0    25    15     0.0        0.0             0.0
10 2021-02-11 00:00:00-05:00   100.0  0.0          0  100     0    64    36     0.0        0.0             0.0
11 2021-02-12 00:00:00-05:00    70.0  0.0          0   70     0    40    30     0.0        0.0             0.0
12 2021-02-13 00:00:00-05:00   110.0  0.0          0  110     0     0   110     0.0        0.0             0.0
13 2021-02-14 00:00:00-05:00    20.0  0.0          0   20     0     0    20     0.0        0.0             0.0
14 2021-02-15 00:00:00-05:00    80.0  0.0          0   80     0    28    52     0.0        0.0             0.0
15 2021-02-16 00:00:00-05:00   100.0  0.0          0  100     0    35    65     0.0        0.0             0.0
16 2021-02-17 00:00:00-05:00    20.0  0.0          0   20     0     7    13     0.0        0.0             0.0
17 2021-02-18 00:00:00-05:00    40.0  0.0          0   40     0    14    26     0.0        0.0             0.0
18 2021-02-19 00:00:00-05:00     0.0  0.0          0    0     0     0     0     0.0        0.0             0.0
19 2021-02-20 00:00:00-05:00     0.0  0.0          0    0     0     0     0     0.0        0.0             0.0
20 2021-02-21 00:00:00-05:00     0.0  0.0          0    0     0     0     0     0.0        0.0             0.0
21 2021-02-22 00:00:00-05:00     0.0  0.0          0    0     0     0     0     0.0        0.0             0.0
22 2021-02-23 00:00:00-05:00     0.0  0.0          0    0     0     0     0     0.0        0.0             0.0
23 2021-02-24 00:00:00-05:00     0.0  0.0          0    0     0     0     0     0.0        0.0             0.0
24 2021-02-25 00:00:00-05:00     0.0  0.0          0    0     0     0     0     0.0        0.0             0.0
25 2021-02-26 00:00:00-05:00     0.0  0.0          0    0     0     0     0     0.0        0.0             0.0
26 2021-02-27 00:00:00-05:00     0.0  0.0          0    0     0     0     0     0.0        0.0             0.0
27 2021-02-28 00:00:00-05:00     0.0  0.0          0    0     0     0     0     0.0        0.0             0.0
28 2021-03-01 00:00:00-05:00     0.0  0.0          0    0     0     0     0     0.0        0.0             0.0
29 2021-03-02 00:00:00-05:00     0.0  0.0          0    0     0     0     0     0.0        0.0             0.0
30 2021-03-03 00:00:00-05:00     0.0  0.0          0    0     0     0     0     0.0        0.0             0.0
31 2021-03-04 00:00:00-05:00     0.0  0.0          0    0     0     0     0     0.0        0.0             0.0
32 2021-03-05 00:00:00-05:00     0.0  0.0          0    0     0     0     0     0.0        0.0             0.0
33 2021-03-06 00:00:00-05:00     0.0  0.0          0    0     0     0     0     0.0        0.0             0.0
34 2021-03-07 00:00:00-05:00     0.0  0.0          0    0     0     0     0     0.0        0.0             0.0
35 2021-03-08 00:00:00-05:00     0.0  0.0          0    0     0     0     0     0.0        0.0             0.0
36 2021-03-09 00:00:00-05:00     0.0  0.0          0    0     0     0     0     0.0        0.0             0.0
37 2021-03-10 00:00:00-05:00     0.0  0.0          0    0     0     0     0     0.0        0.0             0.0
38 2021-03-11 00:00:00-05:00     0.0  0.0          0    0     0     0     0     0.0        0.0             0.0
39 2021-03-12 00:00:00-05:00     0.0  0.0          0    0     0     0     0     0.0        0.0             0.0
40 2021-03-13 00:00:00-05:00     0.0  0.0          0    0     0     0     0     0.0        0.0             0.0
41 2021-03-14 00:00:00-05:00     0.0  0.0          0    0     0     0     0     0.0        0.0             0.0
                  startdate                   enddate  volume  ordered_total  aop_and_ss  net_ss
0 2021-02-01 00:00:00+00:00 2021-02-08 00:00:00+00:00    -3.0            340       470.0     0.0
1 2021-02-08 00:00:00+00:00 2021-02-15 00:00:00+00:00    -3.0            450       450.0     0.0
2 2021-02-15 00:00:00+00:00 2021-02-21 00:00:00+00:00    -2.0            240       240.0     0.0
