5001@7001
                   startdate                   enddate vendor  rank  volume  soq  buyguide percentage  actual_percentage
0  2021-02-01 00:00:00+00:00 2021-02-08 00:00:00+00:00   6001    -1    -1.0    0                 30.0           0.000000
4  2021-02-01 00:00:00+00:00 2021-02-08 00:00:00+00:00   6002    -1    -1.0    0                 30.0           0.000000
8  2021-02-01 00:00:00+00:00 2021-02-08 00:00:00+00:00   6003    -1    -1.0  320                 40.0         100.000000
1  2021-02-08 00:00:00+00:00 2021-02-15 00:00:00+00:00   6001    -1    -1.0  115                 25.0          24.468085
5  2021-02-08 00:00:00+00:00 2021-02-15 00:00:00+00:00   6002    -1    -1.0  115                 25.0          24.468085
9  2021-02-08 00:00:00+00:00 2021-02-15 00:00:00+00:00   6003    -1    -1.0  240                 50.0          51.063830
2  2021-02-15 00:00:00+00:00 2021-02-22 00:00:00+00:00   6001    -1    -1.0  215                 50.0          50.588235
6  2021-02-15 00:00:00+00:00 2021-02-22 00:00:00+00:00   6002    -1    -1.0  115                 25.0          27.058824
10 2021-02-15 00:00:00+00:00 2021-02-22 00:00:00+00:00   6003    -1    -1.0   95                 25.0          22.352941
3  2021-02-22 00:00:00+00:00 2021-03-01 00:00:00+00:00   6001    -1    -1.0  240                 50.0          50.000000
7  2021-02-22 00:00:00+00:00 2021-03-01 00:00:00+00:00   6002    -1    -1.0  120                 25.0          25.000000
11 2021-02-22 00:00:00+00:00 2021-03-01 00:00:00+00:00   6003    -1    -1.0  120                 25.0          25.000000
                        date  demand    ss  schedrcpt  soq  6003  6001  6002  projoh  projavail  ignored_demand
0  2021-02-01 00:00:00-05:00    43.0  15.0          0    0     0     0     0     0.0      -15.0            43.0
1  2021-02-02 00:00:00-05:00    57.0  15.0          0    0     0     0     0     0.0      -15.0            57.0
2  2021-02-03 00:00:00-05:00    34.0  15.0          0   50    50     0     0    16.0        1.0             0.0
3  2021-02-04 00:00:00-05:00    98.0  15.0          0  100   100     0     0    18.0        3.0             0.0
4  2021-02-05 00:00:00-05:00    54.0  15.0          0   55    55     0     0    19.0        4.0             0.0
5  2021-02-06 00:00:00-05:00    61.0  15.0          0   60    60     0     0    18.0        3.0             0.0
6  2021-02-07 00:00:00-05:00    54.0  15.0          0   55    55     0     0    19.0        4.0             0.0
7  2021-02-08 00:00:00-05:00    74.0  20.0          0   75    35    20    20    20.0        0.0             0.0
8  2021-02-09 00:00:00-05:00    34.0  20.0          0   35    25     5     5    21.0        1.0             0.0
9  2021-02-10 00:00:00-05:00    43.0  20.0          0   45    15    15    15    23.0        3.0             0.0
10 2021-02-11 00:00:00-05:00   101.0  20.0          0  100    50    25    25    22.0        2.0             0.0
11 2021-02-12 00:00:00-05:00    63.0  20.0          0   65    35    15    15    24.0        4.0             0.0
12 2021-02-13 00:00:00-05:00    55.0  20.0          0   55    25    15    15    24.0        4.0             0.0
13 2021-02-14 00:00:00-05:00    95.0  20.0          0   95    55    20    20    24.0        4.0             0.0
14 2021-02-15 00:00:00-05:00    72.0  10.0          0   60    15    30    15    12.0        2.0             0.0
15 2021-02-16 00:00:00-05:00    69.0  10.0          0   70    20    35    15    13.0        3.0             0.0
16 2021-02-17 00:00:00-05:00    70.0  10.0          0   85    15    45    25    28.0       18.0             0.0
17 2021-02-18 00:00:00-05:00    25.0  10.0          0   35    10    15    10    38.0       28.0             0.0
18 2021-02-19 00:00:00-05:00    39.0  10.0          0   50    10    25    15    49.0       39.0             0.0
19 2021-02-20 00:00:00-05:00    90.0  10.0          0  110    20    60    30    69.0       59.0             0.0
20 2021-02-21 00:00:00-05:00    10.0  10.0          0   15     5     5     5    74.0       64.0             0.0
21 2021-02-22 00:00:00-05:00    68.0  25.0          0   80    20    40    20    86.0       61.0             0.0
22 2021-02-23 00:00:00-05:00    62.0  25.0          0   65    20    30    15    89.0       64.0             0.0
23 2021-02-24 00:00:00-05:00    96.0  25.0          0   95    20    50    25    88.0       63.0             0.0
24 2021-02-25 00:00:00-05:00    94.0  25.0          0   95    25    45    25    89.0       64.0             0.0
25 2021-02-26 00:00:00-05:00    50.0  25.0          0   50    15    25    10    89.0       64.0             0.0
26 2021-02-27 00:00:00-05:00    59.0  25.0          0   55    10    30    15    85.0       60.0             0.0
27 2021-02-28 00:00:00-05:00    65.0  25.0          0   40    10    20    10    60.0       35.0             0.0
28 2021-03-01 00:00:00-05:00     0.0  35.0          0    5     5     0     0    65.0       30.0             0.0
29 2021-03-02 00:00:00-05:00     0.0  35.0          0    5     5     0     0    70.0       35.0             0.0
30 2021-03-03 00:00:00-05:00     0.0  35.0          0    5     5     0     0    75.0       40.0             0.0
31 2021-03-04 00:00:00-05:00     0.0  35.0          0    5     5     0     0    80.0       45.0             0.0
32 2021-03-05 00:00:00-05:00     0.0  35.0          0    5     5     0     0    85.0       50.0             0.0
33 2021-03-06 00:00:00-05:00     0.0  35.0          0    5     5     0     0    90.0       55.0             0.0
34 2021-03-07 00:00:00-05:00     0.0  35.0          0    5     5     0     0    95.0       60.0             0.0
35 2021-03-08 00:00:00-05:00     0.0   0.0          0    0     0     0     0    95.0       95.0             0.0
36 2021-03-09 00:00:00-05:00     0.0   0.0          0    0     0     0     0    95.0       95.0             0.0
37 2021-03-10 00:00:00-05:00     0.0   0.0          0    0     0     0     0    95.0       95.0             0.0
38 2021-03-11 00:00:00-05:00     0.0   0.0          0    0     0     0     0    95.0       95.0             0.0
39 2021-03-12 00:00:00-05:00     0.0   0.0          0    0     0     0     0    95.0       95.0             0.0
40 2021-03-13 00:00:00-05:00     0.0   0.0          0    0     0     0     0    95.0       95.0             0.0
41 2021-03-14 00:00:00-05:00     0.0   0.0          0    0     0     0     0    95.0       95.0             0.0
                  startdate                   enddate  volume  ordered_total  aop_and_ss  net_ss
0 2021-02-01 00:00:00+00:00 2021-02-08 00:00:00+00:00    -3.0            320       416.0    15.0
1 2021-02-08 00:00:00+00:00 2021-02-15 00:00:00+00:00    -3.0            470       485.0    20.0
2 2021-02-15 00:00:00+00:00 2021-02-22 00:00:00+00:00    -3.0            425       385.0    10.0
3 2021-02-22 00:00:00+00:00 2021-03-01 00:00:00+00:00    -3.0            480       519.0    25.0
5002@7001
                  startdate                   enddate vendor  rank  volume  soq  buyguide percentage  actual_percentage
0 2021-02-01 00:00:00+00:00 2021-02-08 00:00:00+00:00   6001    -1    -1.0    0                 65.0           0.000000
4 2021-02-01 00:00:00+00:00 2021-02-08 00:00:00+00:00   6002    -1    -1.0    0                 35.0           0.000000
1 2021-02-08 00:00:00+00:00 2021-02-15 00:00:00+00:00   6001    -1    -1.0  308                 65.0          65.254237
5 2021-02-08 00:00:00+00:00 2021-02-15 00:00:00+00:00   6002    -1    -1.0  164                 35.0          34.745763
2 2021-02-15 00:00:00+00:00 2021-02-22 00:00:00+00:00   6001    -1    -1.0  256                 65.0          64.646465
6 2021-02-15 00:00:00+00:00 2021-02-22 00:00:00+00:00   6002    -1    -1.0  140                 35.0          35.353535
3 2021-02-22 00:00:00+00:00 2021-03-01 00:00:00+00:00   6001    -1    -1.0  244                 65.0          61.616162
7 2021-02-22 00:00:00+00:00 2021-03-01 00:00:00+00:00   6002    -1    -1.0  152                 35.0          38.383838
                        date  demand    ss  schedrcpt  soq  6001  6002  projoh  projavail  ignored_demand
0  2021-02-01 00:00:00-05:00    13.0  15.0          0    0     0     0     0.0      -15.0            13.0
1  2021-02-02 00:00:00-05:00    54.0  15.0          0    0     0     0     0.0      -15.0            54.0
2  2021-02-03 00:00:00-05:00    88.0  15.0          0    0     0     0     0.0      -15.0            88.0
3  2021-02-04 00:00:00-05:00    71.0  15.0          0    0     0     0     0.0      -15.0            71.0
4  2021-02-05 00:00:00-05:00    39.0  15.0          0    0     0     0     0.0      -15.0            39.0
5  2021-02-06 00:00:00-05:00    95.0  15.0          0    0     0     0     0.0      -15.0            95.0
6  2021-02-07 00:00:00-05:00    33.0  15.0          0    0     0     0     0.0      -15.0            33.0
7  2021-02-08 00:00:00-05:00    72.0  20.0          0   92    60    32    20.0        0.0             0.0
8  2021-02-09 00:00:00-05:00    68.0  20.0          0   68    44    24    20.0        0.0             0.0
9  2021-02-10 00:00:00-05:00    68.0  20.0          0   68    44    24    20.0        0.0             0.0
10 2021-02-11 00:00:00-05:00    46.0  20.0          0   48    32    16    22.0        2.0             0.0
11 2021-02-12 00:00:00-05:00    39.0  20.0          0   40    24    16    23.0        3.0             0.0
12 2021-02-13 00:00:00-05:00    96.0  20.0          0   96    60    36    23.0        3.0             0.0
13 2021-02-14 00:00:00-05:00    62.0  20.0          0   60    44    16    21.0        1.0             0.0
14 2021-02-15 00:00:00-05:00    67.0  10.0          0   56    36    20    10.0        0.0             0.0
15 2021-02-16 00:00:00-05:00    37.0  10.0          0   40    24    16    13.0        3.0             0.0
16 2021-02-17 00:00:00-05:00    24.0  10.0          0   24    16     8    13.0        3.0             0.0
17 2021-02-18 00:00:00-05:00    71.0  10.0          0   68    48    20    10.0        0.0             0.0
18 2021-02-19 00:00:00-05:00    89.0  10.0          0   92    56    36    13.0        3.0             0.0
19 2021-02-20 00:00:00-05:00    34.0  10.0          0   32    24     8    11.0        1.0             0.0
20 2021-02-21 00:00:00-05:00    85.0  10.0          0   84    52    32    10.0        0.0             0.0
21 2021-02-22 00:00:00-05:00    47.0  25.0          0   64    40    24    27.0        2.0             0.0
22 2021-02-23 00:00:00-05:00    24.0  25.0          0   24    16     8    27.0        2.0             0.0
23 2021-02-24 00:00:00-05:00    97.0  25.0          0   96    64    32    26.0        1.0             0.0
24 2021-02-25 00:00:00-05:00    70.0  25.0          0   72    44    28    28.0        3.0             0.0
25 2021-02-26 00:00:00-05:00    28.0  25.0          0   28    20     8    28.0        3.0             0.0
26 2021-02-27 00:00:00-05:00    64.0  25.0          0   64    40    24    28.0        3.0             0.0
27 2021-02-28 00:00:00-05:00    57.0  25.0          0   48    20    28    19.0       -6.0             0.0
28 2021-03-01 00:00:00-05:00     0.0  35.0          0    4     0     4    23.0      -12.0             0.0
29 2021-03-02 00:00:00-05:00     0.0  35.0          0    4     0     4    27.0       -8.0             0.0
30 2021-03-03 00:00:00-05:00     0.0  35.0          0    4     0     4    31.0       -4.0             0.0
31 2021-03-04 00:00:00-05:00     0.0  35.0          0    4     0     4    35.0        0.0             0.0
32 2021-03-05 00:00:00-05:00     0.0  35.0          0    0     0     0    35.0        0.0             0.0
33 2021-03-06 00:00:00-05:00     0.0  35.0          0    0     0     0    35.0        0.0             0.0
34 2021-03-07 00:00:00-05:00     0.0  35.0          0    0     0     0    35.0        0.0             0.0
35 2021-03-08 00:00:00-05:00     0.0   0.0          0    0     0     0    35.0       35.0             0.0
36 2021-03-09 00:00:00-05:00     0.0   0.0          0    0     0     0    35.0       35.0             0.0
37 2021-03-10 00:00:00-05:00     0.0   0.0          0    0     0     0    35.0       35.0             0.0
38 2021-03-11 00:00:00-05:00     0.0   0.0          0    0     0     0    35.0       35.0             0.0
39 2021-03-12 00:00:00-05:00     0.0   0.0          0    0     0     0    35.0       35.0             0.0
40 2021-03-13 00:00:00-05:00     0.0   0.0          0    0     0     0    35.0       35.0             0.0
41 2021-03-14 00:00:00-05:00     0.0   0.0          0    0     0     0    35.0       35.0             0.0
                  startdate                   enddate  volume  ordered_total  aop_and_ss  net_ss
0 2021-02-01 00:00:00+00:00 2021-02-08 00:00:00+00:00    -2.0              0       408.0    15.0
1 2021-02-08 00:00:00+00:00 2021-02-15 00:00:00+00:00    -2.0            472       471.0    20.0
2 2021-02-15 00:00:00+00:00 2021-02-22 00:00:00+00:00    -2.0            396       417.0    10.0
3 2021-02-22 00:00:00+00:00 2021-03-01 00:00:00+00:00    -2.0            396       412.0    25.0
