50477



5001@7001
                  startdate                   enddate vendor  rank  volume_exact  volume_upto  soq  srs  mso  buyguide percentage  actual_percentage  order_total
0 2021-02-01 00:00:00+00:00 2021-02-08 00:00:00+00:00   6001     1          80.0         -1.0   78    0    0                 -1.0          23.636364          330
3 2021-02-01 00:00:00+00:00 2021-02-08 00:00:00+00:00   6002     2         200.0         -1.0  200    0    0                 -1.0          60.606061          330
6 2021-02-01 00:00:00+00:00 2021-02-08 00:00:00+00:00   6003     3         100.0         -1.0   52    0    0                 -1.0          15.757576          330
1 2021-02-08 00:00:00+00:00 2021-02-15 00:00:00+00:00   6001     1         100.0         -1.0   96    0    0                 -1.0          27.745665          346
4 2021-02-08 00:00:00+00:00 2021-02-15 00:00:00+00:00   6002     2         150.0         -1.0  150    0    0                 -1.0          43.352601          346
7 2021-02-08 00:00:00+00:00 2021-02-15 00:00:00+00:00   6003     3         100.0         -1.0  100    0    0                 -1.0          28.901734          346
2 2021-02-15 00:00:00+00:00 2021-02-21 00:00:00+00:00   6001     1          80.0         -1.0   78    0    0                 -1.0          32.773109          238
5 2021-02-15 00:00:00+00:00 2021-02-21 00:00:00+00:00   6002     2         200.0         -1.0  160    0    0                 -1.0          67.226891          238
                        date  demand   ss  avo  schedrcpt  mso  soq  6003  6001  6002  projoh  projavail  ignored_demand  incoming_supply
0  2021-02-01 00:00:00-05:00    60.0  0.0    0          0    0    0     0     0     0     0.0        0.0            60.0                0
1  2021-02-02 00:00:00-05:00    70.0  0.0    0          0    0    0     0     0     0     0.0        0.0            70.0                0
2  2021-02-03 00:00:00-05:00   100.0  0.0    0          0    0  108     0    78    30     8.0        8.0             0.0              108
3  2021-02-04 00:00:00-05:00    40.0  0.0    0          0    0   40     0     0    40     8.0        8.0             0.0               40
4  2021-02-05 00:00:00-05:00    60.0  0.0    0          0    0   60     0     0    60     8.0        8.0             0.0               60
5  2021-02-06 00:00:00-05:00    90.0  0.0    0          0    0   70     0     0    70     0.0        0.0            12.0               70
6  2021-02-07 00:00:00-05:00    50.0  0.0    0          0    0   52    52     0     0     2.0        2.0             0.0               52
7  2021-02-08 00:00:00-05:00    30.0  0.0    0          0    0   30     0    30     0     2.0        2.0             0.0               30
8  2021-02-09 00:00:00-05:00    80.0  0.0    0          0    0   86     0    66    20     8.0        8.0             0.0               86
9  2021-02-10 00:00:00-05:00    40.0  0.0    0          0    0   40     0     0    40     8.0        8.0             0.0               40
10 2021-02-11 00:00:00-05:00   100.0  0.0    0          0    0   90     0     0    90     0.0        0.0             2.0               90
11 2021-02-12 00:00:00-05:00    70.0  0.0    0          0    0  100   100     0     0    30.0       30.0             0.0              100
12 2021-02-13 00:00:00-05:00   110.0  0.0    0          0    0    0     0     0     0     0.0        0.0            80.0                0
13 2021-02-14 00:00:00-05:00    20.0  0.0    0          0    0    0     0     0     0     0.0        0.0            20.0                0
14 2021-02-15 00:00:00-05:00    80.0  0.0    0          0    0   88     0    78    10     8.0        8.0             0.0               88
15 2021-02-16 00:00:00-05:00   100.0  0.0    0          0    0  100     0     0   100     8.0        8.0             0.0              100
16 2021-02-17 00:00:00-05:00    20.0  0.0    0          0    0   20     0     0    20     8.0        8.0             0.0               20
17 2021-02-18 00:00:00-05:00    40.0  0.0    0          0    0   30     0     0    30     0.0        0.0             2.0               30
18 2021-02-19 00:00:00-05:00     0.0  0.0    0          0    0    0     0     0     0     0.0        0.0             0.0                0
19 2021-02-20 00:00:00-05:00     0.0  0.0    0          0    0    0     0     0     0     0.0        0.0             0.0                0
20 2021-02-21 00:00:00-05:00     0.0  0.0    0          0    0    0     0     0     0     0.0        0.0             0.0                0
                  startdate                   enddate  volume_exact  volume_upto  ordered_total  srs_and_mso  aop_and_ss_and_avo  net_ss  ignored_demand
0 2021-02-01 00:00:00+00:00 2021-02-08 00:00:00+00:00         380.0         -3.0            330            0               470.0     0.0          -140.0
1 2021-02-08 00:00:00+00:00 2021-02-15 00:00:00+00:00         350.0         -3.0            346            0               450.0     0.0          -104.0
2 2021-02-15 00:00:00+00:00 2021-02-21 00:00:00+00:00         280.0         -2.0            238            0               240.0     0.0            -2.0
