5001@7001
                  startdate                   enddate vendor  rank  volume  soq  buyguide percentage  actual_percentage
0 2021-02-01 00:00:00+00:00 2021-02-08 00:00:00+00:00   6001    -1    -1.0  350                 30.0               50.0
3 2021-02-01 00:00:00+00:00 2021-02-08 00:00:00+00:00   6002    -1    -1.0  350                 30.0               50.0
1 2021-02-08 00:00:00+00:00 2021-02-15 00:00:00+00:00   6001    -1    -1.0  469                 50.0               67.0
4 2021-02-08 00:00:00+00:00 2021-02-15 00:00:00+00:00   6002    -1    -1.0  231                 25.0               33.0
2 2021-02-15 00:00:00+00:00 2021-02-22 00:00:00+00:00   6001    -1    -1.0  350                 30.0               50.0
5 2021-02-15 00:00:00+00:00 2021-02-22 00:00:00+00:00   6002    -1    -1.0  350                 30.0               50.0
                  date  demand   ss  schedrcpt  soq  6001  6002  projoh  projavail  ignored_demand
0  2021-02-01 18:30:00   100.0  0.0          0    0     0     0     0.0        0.0           100.0
1  2021-02-02 18:30:00   100.0  0.0          0    0     0     0     0.0        0.0           100.0
2  2021-02-03 18:30:00   100.0  0.0          0  700   350   350   600.0      600.0             0.0
3  2021-02-04 18:30:00   100.0  0.0          0    0     0     0   500.0      500.0             0.0
4  2021-02-05 18:30:00   100.0  0.0          0    0     0     0   400.0      400.0             0.0
5  2021-02-06 18:30:00   100.0  0.0          0    0     0     0   300.0      300.0             0.0
6  2021-02-07 18:30:00   100.0  0.0          0    0     0     0   200.0      200.0             0.0
7  2021-02-08 18:30:00   100.0  0.0          0    0     0     0   100.0      100.0             0.0
8  2021-02-09 18:30:00   100.0  0.0          0    0     0     0     0.0        0.0             0.0
9  2021-02-10 18:30:00   100.0  0.0          0  700   469   231   600.0      600.0             0.0
10 2021-02-11 18:30:00   100.0  0.0          0    0     0     0   500.0      500.0             0.0
11 2021-02-12 18:30:00   100.0  0.0          0    0     0     0   400.0      400.0             0.0
12 2021-02-13 18:30:00   100.0  0.0          0    0     0     0   300.0      300.0             0.0
13 2021-02-14 18:30:00   100.0  0.0          0    0     0     0   200.0      200.0             0.0
14 2021-02-15 18:30:00   100.0  0.0          0    0     0     0   100.0      100.0             0.0
15 2021-02-16 18:30:00   100.0  0.0          0    0     0     0     0.0        0.0             0.0
16 2021-02-17 18:30:00   100.0  0.0          0  700   350   350   600.0      600.0             0.0
17 2021-02-18 18:30:00   100.0  0.0          0    0     0     0   500.0      500.0             0.0
18 2021-02-19 18:30:00   100.0  0.0          0    0     0     0   400.0      400.0             0.0
19 2021-02-20 18:30:00   100.0  0.0          0    0     0     0   300.0      300.0             0.0
20 2021-02-21 18:30:00   100.0  0.0          0    0     0     0   200.0      200.0             0.0
21 2021-02-22 18:30:00   100.0  0.0          0    0     0     0   100.0      100.0             0.0
22 2021-02-23 18:30:00   100.0  0.0          0    0     0     0     0.0        0.0             0.0
23 2021-02-24 18:30:00   100.0  0.0          0  700   350   350   600.0      600.0             0.0
24 2021-02-25 18:30:00   100.0  0.0          0    0     0     0   500.0      500.0             0.0
25 2021-02-26 18:30:00   100.0  0.0          0    0     0     0   400.0      400.0             0.0
26 2021-02-27 18:30:00   100.0  0.0          0    0     0     0   300.0      300.0             0.0
27 2021-02-28 18:30:00   100.0  0.0          0    0     0     0   200.0      200.0             0.0
28 2021-03-01 18:30:00   100.0  0.0          0    0     0     0   100.0      100.0             0.0
                  startdate                   enddate  volume  ordered_total  aop_and_ss  net_ss
0 2021-02-01 00:00:00+00:00 2021-02-08 00:00:00+00:00    -2.0            700       700.0       0
1 2021-02-08 00:00:00+00:00 2021-02-15 00:00:00+00:00    -2.0            700       700.0       0
2 2021-02-15 00:00:00+00:00 2021-02-22 00:00:00+00:00    -2.0            700       700.0       0