5001@7001
                  startdate                   enddate vendor  rank  volume  soq  buyguide percentage  actual_percentage
0 2021-02-01 00:00:00+00:00 2021-02-08 00:00:00+00:00   6001     1   200.0  200                 50.0          58.139535
3 2021-02-01 00:00:00+00:00 2021-02-08 00:00:00+00:00   6002     2    -1.0   84                 30.0          24.418605
6 2021-02-01 00:00:00+00:00 2021-02-08 00:00:00+00:00   6003     2    -1.0   60                 20.0          17.441860
1 2021-02-08 00:00:00+00:00 2021-02-15 00:00:00+00:00   6001     1   200.0  200                 50.0          44.642857
4 2021-02-08 00:00:00+00:00 2021-02-15 00:00:00+00:00   6002     2    -1.0  148                 30.0          33.035714
7 2021-02-08 00:00:00+00:00 2021-02-15 00:00:00+00:00   6003     2    -1.0  100                 20.0          22.321429
2 2021-02-15 00:00:00+00:00 2021-02-21 00:00:00+00:00   6001     1   200.0  200                 50.0          89.686099
5 2021-02-15 00:00:00+00:00 2021-02-21 00:00:00+00:00   6002     2    -1.0   23                 30.0          10.313901
                        date  demand   ss  schedrcpt  soq  6001  6002  6003  projoh  projavail  ignored_demand
0  2021-02-01 00:00:00-05:00    60.0  0.0          0    0     0     0     0     0.0        0.0            60.0
1  2021-02-02 00:00:00-05:00    70.0  0.0          0    0     0     0     0     0.0        0.0            70.0
2  2021-02-03 00:00:00-05:00   100.0  0.0          0  100   100     0     0     0.0        0.0             0.0
3  2021-02-04 00:00:00-05:00    40.0  0.0          0   40    40     0     0     0.0        0.0             0.0
4  2021-02-05 00:00:00-05:00    60.0  0.0          0   60    60     0     0     0.0        0.0             0.0
5  2021-02-06 00:00:00-05:00    90.0  0.0          0   94     0    54    40     4.0        4.0             0.0
6  2021-02-07 00:00:00-05:00    50.0  0.0          0   50     0    30    20     4.0        4.0             0.0
7  2021-02-08 00:00:00-05:00    30.0  0.0          0   26    26     0     0     0.0        0.0             0.0
8  2021-02-09 00:00:00-05:00    80.0  0.0          0   80    80     0     0     0.0        0.0             0.0
9  2021-02-10 00:00:00-05:00    40.0  0.0          0   40    40     0     0     0.0        0.0             0.0
10 2021-02-11 00:00:00-05:00   100.0  0.0          0  102    54    28    20     2.0        2.0             0.0
11 2021-02-12 00:00:00-05:00    70.0  0.0          0   72     0    42    30     4.0        4.0             0.0
12 2021-02-13 00:00:00-05:00   110.0  0.0          0  106     0    66    40     0.0        0.0             0.0
13 2021-02-14 00:00:00-05:00    20.0  0.0          0   22     0    12    10     2.0        2.0             0.0
14 2021-02-15 00:00:00-05:00    80.0  0.0          0   78    78     0     0     0.0        0.0             0.0
15 2021-02-16 00:00:00-05:00   100.0  0.0          0  100   100     0     0     0.0        0.0             0.0
16 2021-02-17 00:00:00-05:00    20.0  0.0          0   20    20     0     0     0.0        0.0             0.0
17 2021-02-18 00:00:00-05:00    40.0  0.0          0   35     2    23    10     0.0        0.0             5.0
18 2021-02-19 00:00:00-05:00     0.0  0.0          0    0     0     0     0     0.0        0.0             0.0
19 2021-02-20 00:00:00-05:00     0.0  0.0          0    0     0     0     0     0.0        0.0             0.0
20 2021-02-21 00:00:00-05:00     0.0  0.0          0    0     0     0     0     0.0        0.0             0.0
21 2021-02-22 00:00:00-05:00     0.0  0.0          0    0     0     0     0     0.0        0.0             0.0
22 2021-02-23 00:00:00-05:00     0.0  0.0          0    0     0     0     0     0.0        0.0             0.0
23 2021-02-24 00:00:00-05:00     0.0  0.0          0    0     0     0     0     0.0        0.0             0.0
24 2021-02-25 00:00:00-05:00     0.0  0.0          0    0     0     0     0     0.0        0.0             0.0
25 2021-02-26 00:00:00-05:00     0.0  0.0          0    0     0     0     0     0.0        0.0             0.0
26 2021-02-27 00:00:00-05:00     0.0  0.0          0    0     0     0     0     0.0        0.0             0.0
27 2021-02-28 00:00:00-05:00     0.0  0.0          0    0     0     0     0     0.0        0.0             0.0
28 2021-03-01 00:00:00-05:00     0.0  0.0          0    0     0     0     0     0.0        0.0             0.0
29 2021-03-02 00:00:00-05:00     0.0  0.0          0    0     0     0     0     0.0        0.0             0.0
30 2021-03-03 00:00:00-05:00     0.0  0.0          0    0     0     0     0     0.0        0.0             0.0
31 2021-03-04 00:00:00-05:00     0.0  0.0          0    0     0     0     0     0.0        0.0             0.0
32 2021-03-05 00:00:00-05:00     0.0  0.0          0    0     0     0     0     0.0        0.0             0.0
33 2021-03-06 00:00:00-05:00     0.0  0.0          0    0     0     0     0     0.0        0.0             0.0
34 2021-03-07 00:00:00-05:00     0.0  0.0          0    0     0     0     0     0.0        0.0             0.0
35 2021-03-08 00:00:00-05:00     0.0  0.0          0    0     0     0     0     0.0        0.0             0.0
36 2021-03-09 00:00:00-05:00     0.0  0.0          0    0     0     0     0     0.0        0.0             0.0
37 2021-03-10 00:00:00-05:00     0.0  0.0          0    0     0     0     0     0.0        0.0             0.0
38 2021-03-11 00:00:00-05:00     0.0  0.0          0    0     0     0     0     0.0        0.0             0.0
39 2021-03-12 00:00:00-05:00     0.0  0.0          0    0     0     0     0     0.0        0.0             0.0
40 2021-03-13 00:00:00-05:00     0.0  0.0          0    0     0     0     0     0.0        0.0             0.0
41 2021-03-14 00:00:00-05:00     0.0  0.0          0    0     0     0     0     0.0        0.0             0.0
                  startdate                   enddate  volume  ordered_total  aop_and_ss  net_ss
0 2021-02-01 00:00:00+00:00 2021-02-08 00:00:00+00:00   198.0            344       470.0     0.0
1 2021-02-08 00:00:00+00:00 2021-02-15 00:00:00+00:00   198.0            448       450.0     0.0
2 2021-02-15 00:00:00+00:00 2021-02-21 00:00:00+00:00   199.0            223       240.0     0.0
