SC-100.02
5001@7001
   startdate    enddate vendor  rank  volume_exact  volume_upto  soq  srs  mso  buyguide percentage  actual_percentage  order_total
0 2021-02-01 2021-02-02   6001    -1            -1           -1    0    0    0                100.0                  0            0
1 2021-02-02 2021-02-03   6001    -1            -1           -1    0    0    0                100.0                  0            0
                        date  demand   ss  avo  schedrcpt  mso  soq  6001  projoh  projavail  ignored_demand  incoming_supply
0  2021-02-01 00:00:00-05:00   100.0  0.0    0          0    0    0     0     0.0        0.0           100.0                0
1  2021-02-02 00:00:00-05:00   100.0  0.0    0          0    0    0     0     0.0        0.0           100.0                0
2  2021-02-03 00:00:00-05:00   100.0  0.0    0          0    0  100   100     0.0        0.0             0.0              100
3  2021-02-04 00:00:00-05:00   100.0  0.0    0          0    0  100   100     0.0        0.0             0.0              100
4  2021-02-05 00:00:00-05:00   100.0  0.0    0          0    0  100   100     0.0        0.0             0.0              100
5  2021-02-06 00:00:00-05:00   100.0  0.0    0          0    0   20    20     0.0        0.0            80.0               20
6  2021-02-07 00:00:00-05:00   100.0  0.0    0          0    0  100   100     0.0        0.0             0.0              100
7  2021-02-08 00:00:00-05:00   100.0  0.0    0          0    0  100   100     0.0        0.0             0.0              100
8  2021-02-09 00:00:00-05:00   100.0  0.0    0          0    0    0     0     0.0        0.0           100.0                0
9  2021-02-10 00:00:00-05:00   100.0  0.0    0          0    0  100   100     0.0        0.0             0.0              100
10 2021-02-11 00:00:00-05:00   100.0  0.0    0          0    0   48    48     0.0        0.0            52.0               48
11 2021-02-12 00:00:00-05:00   100.0  0.0    0          0    0  100   100     0.0        0.0             0.0              100
12 2021-02-13 00:00:00-05:00   100.0  0.0    0          0    0  100   100     0.0        0.0             0.0              100
13 2021-02-14 00:00:00-05:00   100.0  0.0    0          0    0   24    24     0.0        0.0            76.0               24
14 2021-02-15 00:00:00-05:00   100.0  0.0    0          0    0  100   100     0.0        0.0             0.0              100
15 2021-02-16 00:00:00-05:00   100.0  0.0    0          0    0  100   100     0.0        0.0             0.0              100
16 2021-02-17 00:00:00-05:00   100.0  0.0    0          0    0  100   100     0.0        0.0             0.0              100
17 2021-02-18 00:00:00-05:00   100.0  0.0    0          0    0  100   100     0.0        0.0             0.0              100
18 2021-02-19 00:00:00-05:00   100.0  0.0    0          0    0  100   100     0.0        0.0             0.0              100
19 2021-02-20 00:00:00-05:00   100.0  0.0    0          0    0  100   100     0.0        0.0             0.0              100
20 2021-02-21 00:00:00-05:00   100.0  0.0    0          0    0  100   100     0.0        0.0             0.0              100
   startdate    enddate  volume_exact  volume_upto  ordered_total  srs_and_mso  aop_and_ss_and_avo  net_ss  ignored_demand
0 2021-02-01 2021-02-02            -1           -1              0            0               100.0     0.0          -100.0
1 2021-02-02 2021-02-03            -1           -1              0            0               100.0     0.0          -100.0
5001@7002
   startdate    enddate vendor  rank  volume_exact  volume_upto  soq  srs  mso  buyguide percentage  actual_percentage  order_total
0 2021-02-01 2021-02-02   6001    -1            -1           -1    0    0    0                100.0                  0            0
1 2021-02-02 2021-02-03   6001    -1            -1           -1    0    0    0                100.0                  0            0
                        date  demand  ss  avo  schedrcpt  mso  soq  6001  projoh  projavail  ignored_demand  incoming_supply
0  2021-02-01 00:00:00-05:00   100.0   0    0          0    0    0     0     0.0        0.0           100.0                0
1  2021-02-02 00:00:00-05:00   100.0   0    0          0    0    0     0     0.0        0.0           100.0                0
2  2021-02-03 00:00:00-05:00   100.0   0    0          0    0  100   100     0.0        0.0             0.0              100
3  2021-02-04 00:00:00-05:00   100.0   0    0          0    0  100   100     0.0        0.0             0.0              100
4  2021-02-05 00:00:00-05:00   100.0   0    0          0    0  100   100     0.0        0.0             0.0              100
5  2021-02-06 00:00:00-05:00   100.0   0    0          0    0   20    20     0.0        0.0            80.0               20
6  2021-02-07 00:00:00-05:00   100.0   0    0          0    0  100   100     0.0        0.0             0.0              100
7  2021-02-08 00:00:00-05:00   100.0   0    0          0    0  100   100     0.0        0.0             0.0              100
8  2021-02-09 00:00:00-05:00   100.0   0    0          0    0    0     0     0.0        0.0           100.0                0
9  2021-02-10 00:00:00-05:00   100.0   0    0          0    0  100   100     0.0        0.0             0.0              100
10 2021-02-11 00:00:00-05:00   100.0   0    0          0    0   48    48     0.0        0.0            52.0               48
11 2021-02-12 00:00:00-05:00   100.0   0    0          0    0  100   100     0.0        0.0             0.0              100
12 2021-02-13 00:00:00-05:00   100.0   0    0          0    0  100   100     0.0        0.0             0.0              100
13 2021-02-14 00:00:00-05:00   100.0   0    0          0    0   24    24     0.0        0.0            76.0               24
14 2021-02-15 00:00:00-05:00   100.0   0    0          0    0  100   100     0.0        0.0             0.0              100
15 2021-02-16 00:00:00-05:00   100.0   0    0          0    0  100   100     0.0        0.0             0.0              100
16 2021-02-17 00:00:00-05:00   100.0   0    0          0    0  100   100     0.0        0.0             0.0              100
17 2021-02-18 00:00:00-05:00   100.0   0    0          0    0  100   100     0.0        0.0             0.0              100
18 2021-02-19 00:00:00-05:00   100.0   0    0          0    0  100   100     0.0        0.0             0.0              100
19 2021-02-20 00:00:00-05:00   100.0   0    0          0    0  100   100     0.0        0.0             0.0              100
20 2021-02-21 00:00:00-05:00   100.0   0    0          0    0  100   100     0.0        0.0             0.0              100
   startdate    enddate  volume_exact  volume_upto  ordered_total  srs_and_mso  aop_and_ss_and_avo  net_ss  ignored_demand
0 2021-02-01 2021-02-02            -1           -1              0            0               100.0       0          -100.0
1 2021-02-02 2021-02-03            -1           -1              0            0               100.0       0          -100.0
5001@7003
   startdate    enddate vendor  rank  volume_exact  volume_upto  soq  srs  mso  buyguide percentage  actual_percentage  order_total
0 2021-02-01 2021-02-02   6001    -1            -1           -1    0    0    0                100.0                  0            0
1 2021-02-02 2021-02-03   6001    -1            -1           -1    0    0    0                100.0                  0            0
                        date  demand  ss  avo  schedrcpt  mso  soq  6001  projoh  projavail  ignored_demand  incoming_supply
0  2021-02-01 00:00:00-05:00   300.0   0    0          0    0    0     0     0.0        0.0           300.0                0
1  2021-02-02 00:00:00-05:00   300.0   0    0          0    0    0     0     0.0        0.0           300.0                0
2  2021-02-03 00:00:00-05:00   300.0   0    0          0    0  300   300     0.0        0.0             0.0              300
3  2021-02-04 00:00:00-05:00   300.0   0    0          0    0  300   300     0.0        0.0             0.0              300
4  2021-02-05 00:00:00-05:00   300.0   0    0          0    0  300   300     0.0        0.0             0.0              300
5  2021-02-06 00:00:00-05:00   300.0   0    0          0    0   60    60     0.0        0.0           240.0               60
6  2021-02-07 00:00:00-05:00   300.0   0    0          0    0  300   300     0.0        0.0             0.0              300
7  2021-02-08 00:00:00-05:00   300.0   0    0          0    0  300   300     0.0        0.0             0.0              300
8  2021-02-09 00:00:00-05:00   300.0   0    0          0    0    0     0     0.0        0.0           300.0                0
9  2021-02-10 00:00:00-05:00   300.0   0    0          0    0  300   300     0.0        0.0             0.0              300
10 2021-02-11 00:00:00-05:00   300.0   0    0          0    0  144   144     0.0        0.0           156.0              144
11 2021-02-12 00:00:00-05:00   300.0   0    0          0    0  300   300     0.0        0.0             0.0              300
12 2021-02-13 00:00:00-05:00   300.0   0    0          0    0  300   300     0.0        0.0             0.0              300
13 2021-02-14 00:00:00-05:00   300.0   0    0          0    0   72    72     0.0        0.0           228.0               72
14 2021-02-15 00:00:00-05:00   300.0   0    0          0    0  300   300     0.0        0.0             0.0              300
15 2021-02-16 00:00:00-05:00   300.0   0    0          0    0  300   300     0.0        0.0             0.0              300
16 2021-02-17 00:00:00-05:00   300.0   0    0          0    0  300   300     0.0        0.0             0.0              300
17 2021-02-18 00:00:00-05:00   300.0   0    0          0    0  300   300     0.0        0.0             0.0              300
18 2021-02-19 00:00:00-05:00   300.0   0    0          0    0  300   300     0.0        0.0             0.0              300
19 2021-02-20 00:00:00-05:00   300.0   0    0          0    0  300   300     0.0        0.0             0.0              300
20 2021-02-21 00:00:00-05:00   300.0   0    0          0    0  300   300     0.0        0.0             0.0              300
   startdate    enddate  volume_exact  volume_upto  ordered_total  srs_and_mso  aop_and_ss_and_avo  net_ss  ignored_demand
0 2021-02-01 2021-02-02            -1           -1              0            0               300.0       0          -300.0
1 2021-02-02 2021-02-03            -1           -1              0            0               300.0       0          -300.0
