50113



5001@7001
                  startdate                   enddate vendor  rank  volume_exact  volume_upto  soq  srs  mso  buyguide percentage  actual_percentage  order_total
0 2021-02-01 00:00:00+00:00 2021-02-08 00:00:00+00:00   6001    -1          -1.0         -1.0  160    0    0                 30.0          31.496063          508
3 2021-02-01 00:00:00+00:00 2021-02-08 00:00:00+00:00   6002    -1          -1.0         -1.0  348    0    0                 70.0          68.503937          508
1 2021-02-08 00:00:00+00:00 2021-02-15 00:00:00+00:00   6001    -1          -1.0         -1.0  400    0    0                 50.0          57.142857          700
4 2021-02-08 00:00:00+00:00 2021-02-15 00:00:00+00:00   6002    -1          -1.0         -1.0  300    0    0                 50.0          42.857143          700
2 2021-02-15 00:00:00+00:00 2021-02-22 00:00:00+00:00   6001    -1          -1.0         -1.0  560    0    0                 70.0          80.924855          692
5 2021-02-15 00:00:00+00:00 2021-02-22 00:00:00+00:00   6002    -1          -1.0         -1.0  132    0    0                 30.0          19.075145          692
                        date  demand   ss  avo  schedrcpt  mso  soq  6001  6002  projoh  projavail  ignored_demand  incoming_supply
0  2021-02-01 00:00:00-05:00   100.0  0.0    0          0    0    0     0     0     0.0        0.0           100.0                0
1  2021-02-02 00:00:00-05:00   100.0  0.0    0          0    0    0     0     0     0.0        0.0           100.0                0
2  2021-02-03 00:00:00-05:00   100.0  0.0    0          0    0  104    80    24     4.0        4.0             0.0              104
3  2021-02-04 00:00:00-05:00   100.0  0.0    0          0    0   96     0    96     0.0        0.0             0.0               96
4  2021-02-05 00:00:00-05:00   100.0  0.0    0          0    0  104    80    24     4.0        4.0             0.0              104
5  2021-02-06 00:00:00-05:00   100.0  0.0    0          0    0   96     0    96     0.0        0.0             0.0               96
6  2021-02-07 00:00:00-05:00   100.0  0.0    0          0    0  108     0   108     8.0        8.0             0.0              108
7  2021-02-08 00:00:00-05:00   100.0  0.0    0          0    0   92    80    12     0.0        0.0             0.0               92
8  2021-02-09 00:00:00-05:00   100.0  0.0    0          0    0  104    80    24     4.0        4.0             0.0              104
9  2021-02-10 00:00:00-05:00   100.0  0.0    0          0    0   96     0    96     0.0        0.0             0.0               96
10 2021-02-11 00:00:00-05:00   100.0  0.0    0          0    0  104    80    24     4.0        4.0             0.0              104
11 2021-02-12 00:00:00-05:00   100.0  0.0    0          0    0  104    80    24     8.0        8.0             0.0              104
12 2021-02-13 00:00:00-05:00   100.0  0.0    0          0    0   96     0    96     4.0        4.0             0.0               96
13 2021-02-14 00:00:00-05:00   100.0  0.0    0          0    0  104    80    24     8.0        8.0             0.0              104
14 2021-02-15 00:00:00-05:00   100.0  0.0    0          0    0   92    80    12     0.0        0.0             0.0               92
15 2021-02-16 00:00:00-05:00   100.0  0.0    0          0    0  104    80    24     4.0        4.0             0.0              104
16 2021-02-17 00:00:00-05:00   100.0  0.0    0          0    0  104    80    24     8.0        8.0             0.0              104
17 2021-02-18 00:00:00-05:00   100.0  0.0    0          0    0   92    80    12     0.0        0.0             0.0               92
18 2021-02-19 00:00:00-05:00   100.0  0.0    0          0    0  104    80    24     4.0        4.0             0.0              104
19 2021-02-20 00:00:00-05:00   100.0  0.0    0          0    0  104    80    24     8.0        8.0             0.0              104
20 2021-02-21 00:00:00-05:00   100.0  0.0    0          0    0   92    80    12     0.0        0.0             0.0               92
                  startdate                   enddate  volume_exact  volume_upto  ordered_total  srs_and_mso  aop_and_ss_and_avo  net_ss  ignored_demand
0 2021-02-01 00:00:00+00:00 2021-02-08 00:00:00+00:00          -2.0         -2.0            508            0               700.0     0.0          -192.0
1 2021-02-08 00:00:00+00:00 2021-02-15 00:00:00+00:00          -2.0         -2.0            700            0               700.0     0.0             0.0
2 2021-02-15 00:00:00+00:00 2021-02-22 00:00:00+00:00          -2.0         -2.0            692            0               700.0     0.0            -8.0
