50483
5001@7001
                  startdate                   enddate vendor  rank  volume_exact  volume_upto  soq  srs  mso  buyguide percentage  actual_percentage  order_total
0 2021-02-01 00:00:00+00:00 2021-02-08 00:00:00+00:00   6001     1         150.0         -1.0  150    0    0                 -1.0          44.117647          340
3 2021-02-01 00:00:00+00:00 2021-02-08 00:00:00+00:00   6002     1         120.0         -1.0  120    0    0                 -1.0          35.294118          340
6 2021-02-01 00:00:00+00:00 2021-02-08 00:00:00+00:00   6003     2         100.0         -1.0   70    0    0                 -1.0          20.588235          340
1 2021-02-08 00:00:00+00:00 2021-02-15 00:00:00+00:00   6001     1         150.0         -1.0  130    0    0                 -1.0          37.142857          350
4 2021-02-08 00:00:00+00:00 2021-02-15 00:00:00+00:00   6002     1         120.0         -1.0  120    0    0                 -1.0          34.285714          350
7 2021-02-08 00:00:00+00:00 2021-02-15 00:00:00+00:00   6003     2         100.0         -1.0  100    0    0                 -1.0          28.571429          350
2 2021-02-15 00:00:00+00:00 2021-02-21 00:00:00+00:00   6001     1         150.0         -1.0   60    0    0                 -1.0          33.333333          180
5 2021-02-15 00:00:00+00:00 2021-02-21 00:00:00+00:00   6002     1         120.0         -1.0  120    0    0                 -1.0          66.666667          180
                        date  demand   ss  avo  schedrcpt  mso  soq  6001  6002  6003  projoh  projavail  ignored_demand  incoming_supply
0  2021-02-01 00:00:00-05:00    60.0  0.0    0          0    0    0     0     0     0     0.0        0.0            60.0                0
1  2021-02-02 00:00:00-05:00    70.0  0.0    0          0    0    0     0     0     0     0.0        0.0            70.0                0
2  2021-02-03 00:00:00-05:00   100.0  0.0    0          0    0  100    79    21     0     0.0        0.0             0.0              100
3  2021-02-04 00:00:00-05:00    40.0  0.0    0          0    0   40     0    40     0     0.0        0.0             0.0               40
4  2021-02-05 00:00:00-05:00    60.0  0.0    0          0    0   60    60     0     0     0.0        0.0             0.0               60
5  2021-02-06 00:00:00-05:00    90.0  0.0    0          0    0   99     0    59    40     9.0        9.0             0.0               99
6  2021-02-07 00:00:00-05:00    50.0  0.0    0          0    0   41    11     0    30     0.0        0.0             0.0               41
7  2021-02-08 00:00:00-05:00    30.0  0.0    0          0    0   30     0    30     0     0.0        0.0             0.0               30
8  2021-02-09 00:00:00-05:00    80.0  0.0    0          0    0   80     0    80     0     0.0        0.0             0.0               80
9  2021-02-10 00:00:00-05:00    40.0  0.0    0          0    0   40    40     0     0     0.0        0.0             0.0               40
10 2021-02-11 00:00:00-05:00   100.0  0.0    0          0    0  100     0    10    90     0.0        0.0             0.0              100
11 2021-02-12 00:00:00-05:00    70.0  0.0    0          0    0   70    70     0     0     0.0        0.0             0.0               70
12 2021-02-13 00:00:00-05:00   110.0  0.0    0          0    0   10     0     0    10     0.0        0.0           100.0               10
13 2021-02-14 00:00:00-05:00    20.0  0.0    0          0    0   20    20     0     0     0.0        0.0             0.0               20
14 2021-02-15 00:00:00-05:00    80.0  0.0    0          0    0   80     0    80     0     0.0        0.0             0.0               80
15 2021-02-16 00:00:00-05:00   100.0  0.0    0          0    0   40     0    40     0     0.0        0.0            60.0               40
16 2021-02-17 00:00:00-05:00    20.0  0.0    0          0    0   60    60     0     0    40.0       40.0             0.0               60
17 2021-02-18 00:00:00-05:00    40.0  0.0    0          0    0    0     0     0     0     0.0        0.0             0.0                0
18 2021-02-19 00:00:00-05:00     0.0  0.0    0          0    0    0     0     0     0     0.0        0.0             0.0                0
19 2021-02-20 00:00:00-05:00     0.0  0.0    0          0    0    0     0     0     0     0.0        0.0             0.0                0
20 2021-02-21 00:00:00-05:00     0.0  0.0    0          0    0    0     0     0     0     0.0        0.0             0.0                0
                  startdate                   enddate  volume_exact  volume_upto  ordered_total  srs_and_mso  aop_and_ss_and_avo  net_ss  ignored_demand
0 2021-02-01 00:00:00+00:00 2021-02-08 00:00:00+00:00         370.0         -3.0            340            0               470.0     0.0          -130.0
1 2021-02-08 00:00:00+00:00 2021-02-15 00:00:00+00:00         370.0         -3.0            350            0               450.0     0.0          -100.0
2 2021-02-15 00:00:00+00:00 2021-02-21 00:00:00+00:00         270.0         -2.0            180            0               240.0     0.0           -60.0
