DSI-100.04
2879690907@1424045310
   startdate    enddate      vendor  rank  volume_exact  volume_upto  soq  srs  mso  buyguide percentage  actual_percentage  order_total
0 2006-10-30 2006-10-31  3371073453    -1            -1           -1    0    0    0                100.0                  0            0
1 2006-10-31 2006-11-01  3371073453    -1            -1           -1    0    0    0                100.0                  0            0
                        date  demand  ss  avo  schedrcpt   mso  soq  3371073453  projoh  projavail  ignored_demand  incoming_supply
0  2006-10-30 00:00:00-05:00     5.0   0    0       35.0   0.0    0           0    30.0       30.0               0              0.0
1  2006-10-31 00:00:00-05:00     5.0   0    0        0.0   0.0    0           0    25.0       25.0               0              0.0
2  2006-11-01 00:00:00-05:00     5.0   0    0        0.0   0.0    0           0    20.0       20.0               0              0.0
3  2006-11-02 00:00:00-05:00     5.0   0    0        0.0  50.0    0           0    65.0       65.0               0             50.0
4  2006-11-03 00:00:00-05:00     5.0   0    0        0.0   0.0    0           0    60.0       60.0               0              0.0
5  2006-11-04 00:00:00-05:00     5.0   0    0        0.0   0.0    0           0    55.0       55.0               0              0.0
6  2006-11-05 00:00:00-05:00     5.0   0    0        0.0   0.0    0           0    50.0       50.0               0              0.0
7  2006-11-06 00:00:00-05:00     6.0   0    0        0.0   0.0    6           6    50.0       50.0               0              6.0
8  2006-11-07 00:00:00-05:00     6.0   0    0        0.0   0.0    6           6    50.0       50.0               0              6.0
9  2006-11-08 00:00:00-05:00     6.0   0    0        0.0   0.0    6           6    50.0       50.0               0              6.0
10 2006-11-09 00:00:00-05:00     6.0   0    0        0.0   0.0    6           6    50.0       50.0               0              6.0
11 2006-11-10 00:00:00-05:00     6.0   0    0        0.0   0.0    6           6    50.0       50.0               0              6.0
12 2006-11-11 00:00:00-05:00     6.0   0    0        0.0   0.0    6           6    50.0       50.0               0              6.0
13 2006-11-12 00:00:00-05:00     6.0   0    0        0.0   0.0    6           6    50.0       50.0               0              6.0
14 2006-11-13 00:00:00-05:00     7.0   0    0        0.0   0.0    7           7    50.0       50.0               0              7.0
15 2006-11-14 00:00:00-05:00     7.0   0    0        0.0   0.0    7           7    50.0       50.0               0              7.0
16 2006-11-15 00:00:00-05:00     7.0   0    0        0.0   0.0    7           7    50.0       50.0               0              7.0
17 2006-11-16 00:00:00-05:00     7.0   0    0        0.0   0.0    0           0    43.0       43.0               0              0.0
18 2006-11-17 00:00:00-05:00     7.0   0    0        0.0   0.0    0           0    36.0       36.0               0              0.0
19 2006-11-18 00:00:00-05:00     7.0   0    0        0.0   0.0    0           0    29.0       29.0               0              0.0
20 2006-11-19 00:00:00-05:00     7.0   0    0        0.0   0.0    0           0    22.0       22.0               0              0.0
   startdate    enddate  volume_exact  volume_upto  ordered_total  srs_and_mso  aop_and_ss_and_avo  net_ss  ignored_demand
0 2006-10-30 2006-10-31            -1           -1              0            0                 5.0       0            -5.0
1 2006-10-31 2006-11-01            -1           -1              0            0                 5.0       0            -5.0
