5001@7001
                   startdate                   enddate vendor  rank  volume  soq  buyguide percentage  actual_percentage
0  2021-02-01 00:00:00+00:00 2021-02-08 00:00:00+00:00   6001    -1    -1.0  100                 30.0          26.666667
4  2021-02-01 00:00:00+00:00 2021-02-08 00:00:00+00:00   6002    -1    -1.0  120                 30.0          32.000000
8  2021-02-01 00:00:00+00:00 2021-02-08 00:00:00+00:00   6003    -1    -1.0  155                 40.0          41.333333
1  2021-02-08 00:00:00+00:00 2021-02-15 00:00:00+00:00   6001    -1    -1.0  115                 25.0          24.468085
5  2021-02-08 00:00:00+00:00 2021-02-15 00:00:00+00:00   6002    -1    -1.0  120                 25.0          25.531915
9  2021-02-08 00:00:00+00:00 2021-02-15 00:00:00+00:00   6003    -1    -1.0  235                 50.0          50.000000
2  2021-02-15 00:00:00+00:00 2021-02-22 00:00:00+00:00   6001    -1    -1.0  165                 50.0          36.666667
6  2021-02-15 00:00:00+00:00 2021-02-22 00:00:00+00:00   6002    -1    -1.0  115                 25.0          25.555556
10 2021-02-15 00:00:00+00:00 2021-02-22 00:00:00+00:00   6003    -1    -1.0  170                 25.0          37.777778
3  2021-02-22 00:00:00+00:00 2021-03-01 00:00:00+00:00   6001    -1    -1.0  230                 50.0          47.916667
7  2021-02-22 00:00:00+00:00 2021-03-01 00:00:00+00:00   6002    -1    -1.0  125                 25.0          26.041667
11 2021-02-22 00:00:00+00:00 2021-03-01 00:00:00+00:00   6003    -1    -1.0  125                 25.0          26.041667
                        date  demand    ss  schedrcpt  soq  6001  6002  6003  projoh  projavail  ignored_demand
0  2021-02-01 00:00:00-05:00    43.0  15.0          0    0     0     0     0     0.0      -15.0            43.0
1  2021-02-02 00:00:00-05:00    57.0  15.0          0   75    75     0     0    18.0        3.0             0.0
2  2021-02-03 00:00:00-05:00    34.0  15.0          0   35     0    35     0    19.0        4.0             0.0
3  2021-02-04 00:00:00-05:00    98.0  15.0          0   95     0    20    75    16.0        1.0             0.0
4  2021-02-05 00:00:00-05:00    54.0  15.0          0   55     0    30    25    17.0        2.0             0.0
5  2021-02-06 00:00:00-05:00    61.0  15.0          0   60    20    20    20    16.0        1.0             0.0
6  2021-02-07 00:00:00-05:00    54.0  15.0          0   55     5    15    35    17.0        2.0             0.0
7  2021-02-08 00:00:00-05:00    74.0  20.0          0   80    20    20    40    23.0        3.0             0.0
8  2021-02-09 00:00:00-05:00    34.0  20.0          0   35    10    10    15    24.0        4.0             0.0
9  2021-02-10 00:00:00-05:00    43.0  20.0          0   40    10    10    20    21.0        1.0             0.0
10 2021-02-11 00:00:00-05:00   101.0  20.0          0  100    25    25    50    20.0        0.0             0.0
11 2021-02-12 00:00:00-05:00    63.0  20.0          0   65    15    15    35    22.0        2.0             0.0
12 2021-02-13 00:00:00-05:00    55.0  20.0          0   55    15    15    25    22.0        2.0             0.0
13 2021-02-14 00:00:00-05:00    95.0  20.0          0   95    20    25    50    22.0        2.0             0.0
14 2021-02-15 00:00:00-05:00    72.0  10.0          0   60    30    15    15    10.0        0.0             0.0
15 2021-02-16 00:00:00-05:00    69.0  10.0          0  105    35    35    35    46.0       36.0             0.0
16 2021-02-17 00:00:00-05:00    70.0  10.0          0  120    35    15    70    96.0       86.0             0.0
17 2021-02-18 00:00:00-05:00    25.0  10.0          0   25    10    10     5    96.0       86.0             0.0
18 2021-02-19 00:00:00-05:00    39.0  10.0          0   40    20    15     5    97.0       87.0             0.0
19 2021-02-20 00:00:00-05:00    90.0  10.0          0   90    25    25    40    97.0       87.0             0.0
20 2021-02-21 00:00:00-05:00    10.0  10.0          0   10    10     0     0    97.0       87.0             0.0
21 2021-02-22 00:00:00-05:00    68.0  25.0          0   85    40    25    20   114.0       89.0             0.0
22 2021-02-23 00:00:00-05:00    62.0  25.0          0   60    30    20    10   112.0       87.0             0.0
23 2021-02-24 00:00:00-05:00    96.0  25.0          0   95    25    30    40   111.0       86.0             0.0
24 2021-02-25 00:00:00-05:00    94.0  25.0          0   95    70    10    15   112.0       87.0             0.0
25 2021-02-26 00:00:00-05:00    50.0  25.0          0   50    25    15    10   112.0       87.0             0.0
26 2021-02-27 00:00:00-05:00    59.0  25.0          0   60    30    20    10   113.0       88.0             0.0
27 2021-02-28 00:00:00-05:00    65.0  25.0          0   35    10     5    20    83.0       58.0             0.0
28 2021-03-01 00:00:00-05:00     0.0  35.0          0    5     0     5     0    88.0       53.0             0.0
29 2021-03-02 00:00:00-05:00     0.0  35.0          0    5     0     5     0    93.0       58.0             0.0
30 2021-03-03 00:00:00-05:00     0.0  35.0          0    5     0     5     0    98.0       63.0             0.0
31 2021-03-04 00:00:00-05:00     0.0  35.0          0    5     0     5     0   103.0       68.0             0.0
32 2021-03-05 00:00:00-05:00     0.0  35.0          0    5     0     5     0   108.0       73.0             0.0
33 2021-03-06 00:00:00-05:00     0.0  35.0          0    5     0     5     0   113.0       78.0             0.0
34 2021-03-07 00:00:00-05:00     0.0  35.0          0    5     0     5     0   118.0       83.0             0.0
35 2021-03-08 00:00:00-05:00     0.0   0.0          0    0     0     0     0   118.0      118.0             0.0
36 2021-03-09 00:00:00-05:00     0.0   0.0          0    0     0     0     0   118.0      118.0             0.0
37 2021-03-10 00:00:00-05:00     0.0   0.0          0    0     0     0     0   118.0      118.0             0.0
38 2021-03-11 00:00:00-05:00     0.0   0.0          0    0     0     0     0   118.0      118.0             0.0
39 2021-03-12 00:00:00-05:00     0.0   0.0          0    0     0     0     0   118.0      118.0             0.0
40 2021-03-13 00:00:00-05:00     0.0   0.0          0    0     0     0     0   118.0      118.0             0.0
41 2021-03-14 00:00:00-05:00     0.0   0.0          0    0     0     0     0   118.0      118.0             0.0
                  startdate                   enddate  volume  ordered_total  aop_and_ss  net_ss
0 2021-02-01 00:00:00+00:00 2021-02-08 00:00:00+00:00    -3.0            375       416.0    15.0
1 2021-02-08 00:00:00+00:00 2021-02-15 00:00:00+00:00    -3.0            470       485.0    20.0
2 2021-02-15 00:00:00+00:00 2021-02-22 00:00:00+00:00    -3.0            450       385.0    10.0
3 2021-02-22 00:00:00+00:00 2021-03-01 00:00:00+00:00    -3.0            480       519.0    25.0
5002@7001
                  startdate                   enddate vendor  rank  volume  soq  buyguide percentage  actual_percentage
0 2021-02-01 00:00:00+00:00 2021-02-08 00:00:00+00:00   6001    -1    -1.0  256                 65.0          64.646465
4 2021-02-01 00:00:00+00:00 2021-02-08 00:00:00+00:00   6002    -1    -1.0  140                 35.0          35.353535
1 2021-02-08 00:00:00+00:00 2021-02-15 00:00:00+00:00   6001    -1    -1.0  296                 65.0          64.912281
5 2021-02-08 00:00:00+00:00 2021-02-15 00:00:00+00:00   6002    -1    -1.0  160                 35.0          35.087719
2 2021-02-15 00:00:00+00:00 2021-02-22 00:00:00+00:00   6001    -1    -1.0  256                 65.0          60.952381
6 2021-02-15 00:00:00+00:00 2021-02-22 00:00:00+00:00   6002    -1    -1.0  164                 35.0          39.047619
3 2021-02-22 00:00:00+00:00 2021-03-01 00:00:00+00:00   6001    -1    -1.0  244                 65.0          64.893617
7 2021-02-22 00:00:00+00:00 2021-03-01 00:00:00+00:00   6002    -1    -1.0  132                 35.0          35.106383
                        date  demand    ss  schedrcpt  soq  6001  6002  projoh  projavail  ignored_demand
0  2021-02-01 00:00:00-05:00    13.0  15.0          0    0     0     0     0.0      -15.0            13.0
1  2021-02-02 00:00:00-05:00    54.0  15.0          0   72    72     0    18.0        3.0             0.0
2  2021-02-03 00:00:00-05:00    88.0  15.0          0   88    32    56    18.0        3.0             0.0
3  2021-02-04 00:00:00-05:00    71.0  15.0          0   68    44    24    15.0        0.0             0.0
4  2021-02-05 00:00:00-05:00    39.0  15.0          0   40    24    16    16.0        1.0             0.0
5  2021-02-06 00:00:00-05:00    95.0  15.0          0   96    64    32    17.0        2.0             0.0
6  2021-02-07 00:00:00-05:00    33.0  15.0          0   32    20    12    16.0        1.0             0.0
7  2021-02-08 00:00:00-05:00    72.0  20.0          0   76    48    28    20.0        0.0             0.0
8  2021-02-09 00:00:00-05:00    68.0  20.0          0   68    44    24    20.0        0.0             0.0
9  2021-02-10 00:00:00-05:00    68.0  20.0          0   68    44    24    20.0        0.0             0.0
10 2021-02-11 00:00:00-05:00    46.0  20.0          0   48    32    16    22.0        2.0             0.0
11 2021-02-12 00:00:00-05:00    39.0  20.0          0   40    24    16    23.0        3.0             0.0
12 2021-02-13 00:00:00-05:00    96.0  20.0          0   96    64    32    23.0        3.0             0.0
13 2021-02-14 00:00:00-05:00    62.0  20.0          0   60    40    20    21.0        1.0             0.0
14 2021-02-15 00:00:00-05:00    67.0  10.0          0   56    36    20    10.0        0.0             0.0
15 2021-02-16 00:00:00-05:00    37.0  10.0          0   64    24    40    37.0       27.0             0.0
16 2021-02-17 00:00:00-05:00    24.0  10.0          0   24    16     8    37.0       27.0             0.0
17 2021-02-18 00:00:00-05:00    71.0  10.0          0   68    48    20    34.0       24.0             0.0
18 2021-02-19 00:00:00-05:00    89.0  10.0          0   92    56    36    37.0       27.0             0.0
19 2021-02-20 00:00:00-05:00    34.0  10.0          0   32    24     8    35.0       25.0             0.0
20 2021-02-21 00:00:00-05:00    85.0  10.0          0   84    52    32    34.0       24.0             0.0
21 2021-02-22 00:00:00-05:00    47.0  25.0          0   64    40    24    51.0       26.0             0.0
22 2021-02-23 00:00:00-05:00    24.0  25.0          0   24    16     8    51.0       26.0             0.0
23 2021-02-24 00:00:00-05:00    97.0  25.0          0   96    64    32    50.0       25.0             0.0
24 2021-02-25 00:00:00-05:00    70.0  25.0          0   72    44    28    52.0       27.0             0.0
25 2021-02-26 00:00:00-05:00    28.0  25.0          0   28    20     8    52.0       27.0             0.0
26 2021-02-27 00:00:00-05:00    64.0  25.0          0   64    40    24    52.0       27.0             0.0
27 2021-02-28 00:00:00-05:00    57.0  25.0          0   28    20     8    23.0       -2.0             0.0
28 2021-03-01 00:00:00-05:00     0.0  35.0          0    4     0     4    27.0       -8.0             0.0
29 2021-03-02 00:00:00-05:00     0.0  35.0          0    4     0     4    31.0       -4.0             0.0
30 2021-03-03 00:00:00-05:00     0.0  35.0          0    4     0     4    35.0        0.0             0.0
31 2021-03-04 00:00:00-05:00     0.0  35.0          0    4     0     4    39.0        4.0             0.0
32 2021-03-05 00:00:00-05:00     0.0  35.0          0    4     0     4    43.0        8.0             0.0
33 2021-03-06 00:00:00-05:00     0.0  35.0          0    4     0     4    47.0       12.0             0.0
34 2021-03-07 00:00:00-05:00     0.0  35.0          0    4     0     4    51.0       16.0             0.0
35 2021-03-08 00:00:00-05:00     0.0   0.0          0    0     0     0    51.0       51.0             0.0
36 2021-03-09 00:00:00-05:00     0.0   0.0          0    0     0     0    51.0       51.0             0.0
37 2021-03-10 00:00:00-05:00     0.0   0.0          0    0     0     0    51.0       51.0             0.0
38 2021-03-11 00:00:00-05:00     0.0   0.0          0    0     0     0    51.0       51.0             0.0
39 2021-03-12 00:00:00-05:00     0.0   0.0          0    0     0     0    51.0       51.0             0.0
40 2021-03-13 00:00:00-05:00     0.0   0.0          0    0     0     0    51.0       51.0             0.0
41 2021-03-14 00:00:00-05:00     0.0   0.0          0    0     0     0    51.0       51.0             0.0
                  startdate                   enddate  volume  ordered_total  aop_and_ss  net_ss
0 2021-02-01 00:00:00+00:00 2021-02-08 00:00:00+00:00    -2.0            396       408.0    15.0
1 2021-02-08 00:00:00+00:00 2021-02-15 00:00:00+00:00    -2.0            456       471.0    20.0
2 2021-02-15 00:00:00+00:00 2021-02-22 00:00:00+00:00    -2.0            420       417.0    10.0
3 2021-02-22 00:00:00+00:00 2021-03-01 00:00:00+00:00    -2.0            376       412.0    25.0
